Title: MORB_Gale2013-1

Liquid Composition:
Pressure Temperature mass SiO2 TiO2 Al2O3 Fe2O3 FeO MnO MgO CaO Na2O K2O P2O5 
5000.00 1573.15 100.154598 49.4058 1.6255 15.1446 1.54068 9.67115 0.167691 7.3951 12.1323 2.62055 0.136506 0.160137
5000.00 1568.15 100.154760 49.4057 1.62549 15.1446 1.5423 9.66967 0.16769 7.39509 12.1323 2.62054 0.136506 0.160137
5000.00 1563.15 100.154929 49.4056 1.62549 15.1446 1.54398 9.66814 0.16769 7.39508 12.1322 2.62054 0.136506 0.160137
5000.00 1558.15 100.155104 49.4055 1.62549 15.1446 1.54572 9.66656 0.16769 7.39507 12.1322 2.62053 0.136505 0.160136
5000.00 1553.15 100.155284 49.4054 1.62548 15.1445 1.54751 9.66492 0.167689 7.39505 12.1322 2.62053 0.136505 0.160136
5000.00 1548.15 100.155471 49.4053 1.62548 15.1445 1.54937 9.66323 0.167689 7.39504 12.1322 2.62052 0.136505 0.160136
5000.00 1543.15 100.155664 49.4052 1.62548 15.1445 1.55129 9.66148 0.167689 7.39502 12.1321 2.62052 0.136505 0.160135
5000.00 1538.15 99.893661 49.4007 1.6288 15.1707 1.55372 9.6699 0.168129 7.37084 12.1131 2.6267 0.136863 0.160555
5000.00 1533.15 96.743058 49.3528 1.66892 15.4893 1.56045 9.78916 0.173604 7.07806 11.8774 2.70325 0.14132 0.165784
5000.00 1528.15 93.730213 49.3186 1.7075 15.7989 1.56581 9.89886 0.179184 6.79428 11.6394 2.78046 0.145862 0.171113
5000.00 1523.15 90.842769 49.2985 1.74437 16.1 1.56979 9.99838 0.18488 6.51903 11.3996 2.85842 0.150499 0.176552
5000.00 1518.15 87.155918 49.2778 1.79718 16.2944 1.58398 10.1739 0.1927 6.27476 11.1241 2.94055 0.15663 0.184021
5000.00 1513.15 80.194703 49.1794 1.9256 16.086 1.64459 10.6974 0.209428 6.12099 10.738 3.02972 0.168792 0.199994
5000.00 1508.15 73.679071 49.0387 2.06526 15.8587 1.70745 11.2369 0.227948 5.96193 10.3961 3.10744 0.181809 0.21768
5000.00 1503.15 67.557797 48.8509 2.21808 15.6105 1.77293 11.795 0.248602 5.79937 10.0988 3.17265 0.19575 0.237404
5000.00 1498.15 61.816320 48.6118 2.38529 15.3414 1.84109 12.3732 0.271692 5.63686 9.84446 3.22403 0.210602 0.259454
5000.00 1493.15 56.454728 48.3181 2.56755 15.0531 1.91171 12.9726 0.297495 5.47893 9.63004 3.26009 0.226274 0.284094
5000.00 1488.15 51.469374 47.9663 2.76534 14.7475 1.98447 13.5949 0.32631 5.32997 9.45163 3.27941 0.242614 0.311612
5000.00 1483.15 46.845403 47.5519 2.97952 14.4262 2.0592 14.2429 0.358519 5.19366 9.3058 3.28052 0.259432 0.34237
5000.00 1478.15 42.558069 47.0688 3.21161 14.0891 2.13589 14.9215 0.394637 5.07297 9.19027 3.26182 0.276492 0.376861
5000.00 1473.15 38.501815 46.5092 3.46336 13.7211 2.21694 15.6416 0.436213 4.96052 9.11691 3.22372 0.293855 0.416564
5000.00 1468.15 34.711639 45.8651 3.73544 13.3299 2.30105 16.409 0.483843 4.86595 9.07389 3.16283 0.310854 0.462049
5000.00 1463.15 31.179566 45.1216 4.03188 12.9143 2.3882 17.2353 0.538654 4.79497 9.05843 3.07551 0.32676 0.514391
5000.00 1458.15 27.876553 44.2605 4.35771 12.4655 2.47926 18.1364 0.602477 4.75014 9.07362 2.95842 0.340676 0.575339
5000.00 1453.15 24.787165 43.2645 4.71771 11.9745 2.57482 19.1276 0.677568 4.73407 9.1219 2.80884 0.351336 0.647048
5000.00 1448.15 21.917741 42.1323 5.112 11.4389 2.67405 20.2106 0.766274 4.74691 9.20183 2.62814 0.357265 0.731758
5000.00 1443.15 19.302981 40.9074 5.52666 10.8752 2.77297 21.3469 0.870072 4.78125 9.30282 2.42822 0.357606 0.830881
5000.00 1438.15 16.983674 39.6893 5.9288 10.3254 2.86462 22.4471 0.98889 4.82004 9.40563 2.23253 0.353327 0.944347
5000.00 1433.15 14.918481 38.6012 6.28666 9.8429 2.94198 23.4448 1.12578 4.84129 9.46138 2.06563 0.347194 1.04121
5000.00 1428.15 13.011152 37.7188 6.58382 9.45962 3.00132 24.3413 1.29081 4.83121 9.41694 1.93876 0.341479 1.07596
5000.00 1423.15 11.279974 36.9791 6.8065 9.14594 3.04768 25.1018 1.48892 4.80268 9.34259 1.84044 0.336033 1.10826
5000.00 1418.15 9.694223 36.3559 6.95436 8.89062 3.08318 25.7428 1.73247 4.76167 9.24453 1.76399 0.330663 1.13983
5000.00 1413.15 8.256839 35.8227 7.03103 8.685 3.10906 26.2731 2.03407 4.71476 9.12941 1.70301 0.324933 1.17292
5000.00 1408.15 6.990390 35.3562 7.04648 8.52355 3.12591 26.6923 2.40258 4.66769 9.00502 1.65156 0.318555 1.2101
5000.00 1403.15 5.914067 34.9365 7.01742 8.40203 3.13412 26.9962 2.83984 4.62414 8.88018 1.60415 0.311574 1.25381
5000.00 1398.15 3.475846 34.5453 7.47842 8.17881 3.13438 27.0216 3.14009 4.43715 9.00238 1.42534 0.317779 1.3188
5000.00 1393.15 0.000000 ---
5000.00 1388.15 0.000000 ---
5000.00 1383.15 0.000000 ---
5000.00 1378.15 0.000000 ---
5000.00 1373.15 0.000000 ---
5000.00 1368.15 0.000000 ---
5000.00 1363.15 0.000000 ---
5000.00 1358.15 0.000000 ---
5000.00 1353.15 0.000000 ---
5000.00 1348.15 0.000000 ---
5000.00 1343.15 0.000000 ---
5000.00 1338.15 0.000000 ---
5000.00 1333.15 0.000000 ---
5000.00 1328.15 0.000000 ---
5000.00 1323.15 0.000000 ---
5000.00 1318.15 0.000000 ---
5000.00 1313.15 0.000000 ---
5000.00 1308.15 0.000000 ---
5000.00 1303.15 0.000000 ---
5000.00 1298.15 0.000000 ---
5000.00 1293.15 0.000000 ---
5000.00 1288.15 0.000000 ---
5000.00 1283.15 0.000000 ---
5000.00 1278.15 0.000000 ---
5000.00 1273.15 0.000000 ---
5000.00 1268.15 0.000000 ---
5000.00 1263.15 0.000000 ---
5000.00 1258.15 0.000000 ---
5000.00 1253.15 0.000000 ---
5000.00 1248.15 0.000000 ---
5000.00 1243.15 0.000000 ---
5000.00 1238.15 0.000000 ---
5000.00 1233.15 0.000000 ---
5000.00 1228.15 0.000000 ---
5000.00 1223.15 0.000000 ---
5000.00 1218.15 0.000000 ---