Title: MORB_Gale2013-1

liquid_0 thermodynamic data and composition:
Pressure Temperature mass S H V Cp viscosity SiO2 TiO2 Al2O3 Fe2O3 FeO MnO MgO CaO Na2O K2O P2O5 Mg#
5000.00 1573.15 100.154598 275.251827 -1178061.940399 36.275308 149.618319 1.913 49.4058 1.6255 15.1446 1.54068 9.67115 0.167691 7.3951 12.1323 2.62055 0.136506 0.160137 57.7
5000.00 1568.15 100.154760 274.775891 -1178812.354871 36.262894 149.619154 1.933 49.4057 1.62549 15.1446 1.5423 9.66967 0.16769 7.39509 12.1323 2.62054 0.136506 0.160137 57.7
5000.00 1563.15 100.154929 274.298442 -1179562.861073 36.250484 149.620019 1.952 49.4056 1.62549 15.1446 1.54398 9.66814 0.16769 7.39508 12.1322 2.62054 0.136506 0.160137 57.7
5000.00 1558.15 100.155104 273.819470 -1180313.460678 36.238078 149.620915 1.972 49.4055 1.62549 15.1446 1.54572 9.66656 0.16769 7.39507 12.1322 2.62053 0.136505 0.160136 57.7
5000.00 1553.15 100.155284 273.338963 -1181064.155393 36.225676 149.621842 1.992 49.4054 1.62548 15.1445 1.54751 9.66492 0.167689 7.39505 12.1322 2.62053 0.136505 0.160136 57.7
5000.00 1548.15 100.155471 272.856913 -1181814.946963 36.213278 149.622800 2.012 49.4053 1.62548 15.1445 1.54937 9.66323 0.167689 7.39504 12.1322 2.62052 0.136505 0.160136 57.7
5000.00 1543.15 100.155664 272.373310 -1182565.837166 36.200885 149.623789 2.032 49.4052 1.62548 15.1445 1.55129 9.66148 0.167689 7.39502 12.1321 2.62052 0.136505 0.160135 57.7
5000.00 1538.15 99.893661 271.180140 -1180126.121424 36.094562 149.211357 2.054 49.4007 1.6288 15.1707 1.55372 9.6699 0.168129 7.37084 12.1131 2.6267 0.136863 0.160555 57.6
5000.00 1533.15 96.743058 262.203384 -1142578.813054 34.954983 144.250724 2.097 49.3528 1.66892 15.4893 1.56045 9.78916 0.173604 7.07806 11.8774 2.70325 0.14132 0.165784 56.3
5000.00 1528.15 93.730213 253.628539 -1106787.239808 33.867607 139.519125 2.140 49.3186 1.7075 15.7989 1.56581 9.89886 0.179184 6.79428 11.6394 2.78046 0.145862 0.171113 55.0
5000.00 1523.15 90.842769 245.420322 -1072599.782847 32.827898 134.996354 2.184 49.2985 1.74437 16.1 1.56979 9.99838 0.18488 6.51903 11.3996 2.85842 0.150499 0.176552 53.8
5000.00 1518.15 87.155918 235.071834 -1028052.557883 31.486138 129.277660 2.222 49.2778 1.79718 16.2944 1.58398 10.1739 0.1927 6.27476 11.1241 2.94055 0.15663 0.184021 52.4
5000.00 1513.15 80.194703 215.887691 -941113.404738 28.902834 118.618677 2.228 49.1794 1.9256 16.086 1.64459 10.6974 0.209428 6.12099 10.738 3.02972 0.168792 0.199994 50.5
5000.00 1508.15 73.679071 197.951160 -859964.542681 26.483880 108.671177 2.228 49.0387 2.06526 15.8587 1.70745 11.2369 0.227948 5.96193 10.3961 3.10744 0.181809 0.21768 48.6
5000.00 1503.15 67.557797 181.122515 -783964.762623 24.210817 99.355577 2.223 48.8509 2.21808 15.6105 1.77293 11.795 0.248602 5.79937 10.0988 3.17265 0.19575 0.237404 46.7
5000.00 1498.15 61.816320 165.361008 -712926.957765 22.078708 90.647920 2.212 48.6118 2.38529 15.3414 1.84109 12.3732 0.271692 5.63686 9.84446 3.22403 0.210602 0.259454 44.8
5000.00 1493.15 56.454728 150.664874 -646839.720168 20.087961 82.545833 2.193 48.3181 2.56755 15.0531 1.91171 12.9726 0.297495 5.47893 9.63004 3.26009 0.226274 0.284094 43.0
5000.00 1488.15 51.469374 137.021652 -585638.803808 18.237512 75.040603 2.167 47.9663 2.76534 14.7475 1.98447 13.5949 0.32631 5.32997 9.45163 3.27941 0.242614 0.311612 41.1
5000.00 1483.15 46.845403 124.388270 -529116.988665 16.522063 68.106194 2.133 47.5519 2.97952 14.4262 2.0592 14.2429 0.358519 5.19366 9.3058 3.28052 0.259432 0.34237 39.4
5000.00 1478.15 42.558069 112.696595 -476940.709188 14.932571 60.345352 2.090 47.0688 3.21161 14.0891 2.13589 14.9215 0.394637 5.07297 9.19027 3.26182 0.276492 0.376861 37.7
5000.00 1473.15 38.501815 101.662614 -427826.894595 13.431437 54.469991 2.038 46.5092 3.46336 13.7211 2.21694 15.6416 0.436213 4.96052 9.11691 3.22372 0.293855 0.416564 36.1
5000.00 1468.15 34.711639 91.373983 -382180.991472 12.031186 49.003887 1.974 45.8651 3.73544 13.3299 2.30105 16.409 0.483843 4.86595 9.07389 3.16283 0.310854 0.462049 34.6
5000.00 1463.15 31.179566 81.805988 -339872.904976 10.728506 43.932078 1.898 45.1216 4.03188 12.9143 2.3882 17.2353 0.538654 4.79497 9.05843 3.07551 0.32676 0.514391 33.2
5000.00 1458.15 27.876553 72.878362 -300530.524775 9.512817 39.209051 1.807 44.2605 4.35771 12.4655 2.47926 18.1364 0.602477 4.75014 9.07362 2.95842 0.340676 0.575339 31.8
5000.00 1453.15 24.787165 64.547903 -263957.723741 8.378840 34.809017 1.699 43.2645 4.71771 11.9745 2.57482 19.1276 0.677568 4.73407 9.1219 2.80884 0.351336 0.647048 30.6
5000.00 1448.15 21.917741 56.830831 -230244.048533 7.330010 30.736999 1.575 42.1323 5.112 11.4389 2.67405 20.2106 0.766274 4.74691 9.20183 2.62814 0.357265 0.731758 29.5
5000.00 1443.15 19.302981 49.821087 -199855.225255 6.381315 27.037752 1.439 40.9074 5.52666 10.8752 2.77297 21.3469 0.870072 4.78125 9.30282 2.42822 0.357606 0.830881 28.5
5000.00 1438.15 16.983674 43.629925 -173342.552323 5.550346 23.764638 1.305 39.6893 5.9288 10.3254 2.86462 22.4471 0.98889 4.82004 9.40563 2.23253 0.353327 0.944347 27.7
5000.00 1433.15 14.918481 38.153490 -150270.328362 4.824272 20.850528 1.187 38.6012 6.28666 9.8429 2.94198 23.4448 1.12578 4.84129 9.46138 2.06563 0.347194 1.04121 26.9
5000.00 1428.15 13.011152 33.140585 -129508.568889 4.168588 18.152799 1.094 37.7188 6.58382 9.45962 3.00132 24.3413 1.29081 4.83121 9.41694 1.93876 0.341479 1.07596 26.1
5000.00 1423.15 11.279974 28.623438 -111112.100996 3.585037 15.709514 1.017 36.9791 6.8065 9.14594 3.04768 25.1018 1.48892 4.80268 9.34259 1.84044 0.336033 1.10826 25.4
5000.00 1418.15 9.694223 24.513798 -94613.809541 3.059568 13.477043 0.951 36.3559 6.95436 8.89062 3.08318 25.7428 1.73247 4.76167 9.24453 1.76399 0.330663 1.13983 24.8
5000.00 1413.15 8.256839 20.810778 -79923.031933 2.589899 11.458881 0.893 35.8227 7.03103 8.685 3.10906 26.2731 2.03407 4.71476 9.12941 1.70301 0.324933 1.17292 24.2
5000.00 1408.15 6.990390 17.564080 -67168.335296 2.180651 9.685572 0.840 35.3562 7.04648 8.52355 3.12591 26.6923 2.40258 4.66769 9.00502 1.65156 0.318555 1.2101 23.8
5000.00 1403.15 5.914067 14.815353 -56459.577548 1.835831 8.182450 0.789 34.9365 7.01742 8.40203 3.13412 26.9962 2.83984 4.62414 8.88018 1.60415 0.311574 1.25381 23.4
5000.00 1398.15 3.475846 8.674230 -33053.661892 1.074055 4.800385 0.759 34.5453 7.47842 8.17881 3.13438 27.0216 3.14009 4.43715 9.00238 1.42534 0.317779 1.3188 22.6

clinopyroxene_2 thermodynamic data and composition:
Pressure Temperature mass S H V Cp structure formula SiO2 TiO2 Al2O3 Fe2O3 FeO MnO MgO CaO Na2O K2O P2O5
5000.00 1328.15 0.171720 0.371507 -2098.203914 0.049226 0.191523 cpx Na0.04Ca0.90Fe''0.25Mg0.43Fe'''0.08Ti0.31Al0.64Si1.34O6 34.7535 10.8092 14.1359 2.89118 7.73535 0 7.48862 21.6595 0.526841 0 0
5000.00 1323.15 0.860068 1.856519 -10514.048009 0.246413 0.958660 cpx Na0.04Ca0.90Fe''0.25Mg0.43Fe'''0.08Ti0.32Al0.65Si1.34O6 34.6402 10.882 14.2242 2.8813 7.72787 0 7.43299 21.6833 0.52817 0 0
5000.00 1318.15 1.505649 3.242695 -18415.176970 0.431134 1.677217 cpx Na0.04Ca0.90Fe''0.25Mg0.42Fe'''0.08Ti0.32Al0.65Si1.33O6 34.5282 10.9542 14.3122 2.87054 7.71996 0 7.37866 21.7068 0.529409 0 0
5000.00 1313.15 2.110861 4.535805 -25830.470228 0.604103 2.349968 cpx Na0.04Ca0.90Fe''0.25Mg0.42Fe'''0.08Ti0.32Al0.66Si1.33O6 34.4176 11.0259 14.3998 2.85891 7.71163 0 7.32561 21.73 0.530557 0 0
5000.00 1308.15 2.677958 5.741261 -32787.032407 0.765987 2.979512 cpx Na0.04Ca0.90Fe''0.25Mg0.42Fe'''0.08Ti0.32Al0.66Si1.33O6 34.3082 11.0971 14.4869 2.8464 7.70289 0 7.27381 21.753 0.53161 0 0
5000.00 1303.15 3.209052 6.864125 -39310.255114 0.917412 3.568287 cpx Na0.04Ca0.90Fe''0.25Mg0.42Fe'''0.08Ti0.32Al0.66Si1.32O6 34.2002 11.1678 14.5737 2.83304 7.69378 0 7.22324 21.7758 0.532566 0 0
5000.00 1298.15 3.706143 7.909182 -45424.158832 1.058968 4.118593 cpx Na0.04Ca0.90Fe''0.25Mg0.41Fe'''0.08Ti0.33Al0.67Si1.32O6 34.0933 11.238 14.66 2.81881 7.6843 0 7.17387 21.7983 0.533421 0 0
5000.00 1293.15 4.171133 8.880971 -51151.595770 1.191218 4.632620 cpx Na0.04Ca0.90Fe''0.25Mg0.41Fe'''0.08Ti0.33Al0.67Si1.31O6 33.9877 11.3077 14.7459 2.80374 7.67449 0 7.12567 21.8207 0.534173 0 0
5000.00 1288.15 4.605831 9.783792 -56514.264709 1.314694 5.112441 cpx Na0.04Ca0.91Fe''0.25Mg0.41Fe'''0.08Ti0.33Al0.68Si1.31O6 33.8833 11.3769 14.8313 2.78782 7.66436 0 7.07863 21.8428 0.534822 0 0
5000.00 1283.15 5.011955 10.621726 -61532.809879 1.429904 5.560031 cpx Na0.04Ca0.91Fe''0.25Mg0.41Fe'''0.08Ti0.33Al0.68Si1.31O6 33.7801 11.4456 14.9163 2.77108 7.65394 0 7.03271 21.8648 0.535367 0 0
5000.00 1278.15 5.391147 11.398649 -66226.903358 1.537329 5.977264 cpx Na0.04Ca0.91Fe''0.25Mg0.40Fe'''0.08Ti0.33Al0.68Si1.30O6 33.6781 11.5139 15.0009 2.75353 7.64325 0 6.98789 21.8866 0.535806 0 0
5000.00 1273.15 5.744971 12.118251 -70615.313046 1.637429 6.365931 cpx Na0.04Ca0.91Fe''0.25Mg0.40Fe'''0.08Ti0.34Al0.69Si1.30O6 33.5773 11.5817 15.0849 2.73519 7.63233 0 6.94415 21.9083 0.536141 0 0
5000.00 1268.15 6.074920 12.784040 -74715.957933 1.730643 6.727736 cpx Na0.04Ca0.91Fe''0.25Mg0.40Fe'''0.08Ti0.34Al0.69Si1.30O6 33.4776 11.6491 15.1684 2.71607 7.62118 0 6.90145 21.9298 0.53637 0 0
5000.00 1263.15 6.382423 13.399356 -78545.952338 1.817387 7.064305 cpx Na0.04Ca0.91Fe''0.25Mg0.40Fe'''0.08Ti0.34Al0.70Si1.29O6 33.3791 11.716 15.2514 2.69619 7.60985 0 6.85978 21.9512 0.536495 0 0
5000.00 1258.15 6.668841 13.967379 -82121.640628 1.898061 7.377189 cpx Na0.04Ca0.91Fe''0.25Mg0.39Fe'''0.08Ti0.34Al0.70Si1.29O6 33.2818 11.7824 15.3339 2.67559 7.59834 0 6.81911 21.9725 0.536515 0 0
5000.00 1253.15 6.935477 14.491130 -85458.623980 1.973044 7.667866 cpx Na0.04Ca0.91Fe''0.25Mg0.39Fe'''0.08Ti0.34Al0.70Si1.28O6 33.1855 11.8483 15.4158 2.65428 7.58669 0 6.77941 21.9936 0.536433 0 0
5000.00 1248.15 7.183570 14.973482 -88571.780665 2.042697 7.937743 cpx Na0.04Ca0.91Fe''0.25Mg0.39Fe'''0.08Ti0.35Al0.71Si1.28O6 33.0904 11.9138 15.4972 2.63228 7.57491 0 6.74066 22.0145 0.536249 0 0
5000.00 1243.15 7.414301 15.417160 -91475.281380 2.107366 8.188158 cpx Na0.04Ca0.91Fe''0.24Mg0.39Fe'''0.08Ti0.35Al0.71Si1.28O6 32.9965 11.9788 15.5779 2.60963 7.56304 0 6.70283 22.0354 0.535965 0 0
5000.00 1238.15 7.628795 15.824746 -94182.601071 2.167376 8.420383 cpx Na0.04Ca0.92Fe''0.24Mg0.38Fe'''0.08Ti0.35Al0.71Si1.27O6 32.9036 12.0433 15.6581 2.58634 7.55108 0 6.6659 22.0561 0.535583 0 0
5000.00 1233.15 7.828115 16.198680 -96706.528662 2.223037 8.635620 cpx Na0.04Ca0.92Fe''0.24Mg0.38Fe'''0.07Ti0.35Al0.72Si1.27O6 32.8118 12.1073 15.7377 2.56246 7.53906 0 6.62984 22.0767 0.535104 0 0
5000.00 1228.15 8.013273 16.541268 -99059.175954 2.274642 8.835009 cpx Na0.04Ca0.92Fe''0.24Mg0.38Fe'''0.07Ti0.35Al0.72Si1.27O6 32.7211 12.1709 15.8167 2.538 7.52699 0 6.59463 22.0971 0.53453 0 0
5000.00 1223.15 8.185220 16.854677 -101251.986802 2.322467 9.019624 cpx Na0.04Ca0.92Fe''0.24Mg0.38Fe'''0.07Ti0.36Al0.73Si1.26O6 32.6315 12.234 15.895 2.513 7.5149 0 6.56024 22.1175 0.533865 0 0
5000.00 1218.15 8.344854 17.140946 -103295.747502 2.366771 9.190476 cpx Na0.04Ca0.92Fe''0.24Mg0.38Fe'''0.07Ti0.36Al0.73Si1.26O6 32.543 12.2966 15.9727 2.48749 7.5028 0 6.52666 22.1377 0.53311 0 0

clinopyroxene_1 thermodynamic data and composition:
Pressure Temperature mass S H V Cp structure formula SiO2 TiO2 Al2O3 Fe2O3 FeO MnO MgO CaO Na2O K2O P2O5
5000.00 1473.15 1.500676 3.591688 -17794.611039 0.452734 1.801390 cpx Na0.02Ca0.33Fe''0.46Mg1.06Fe'''0.04Ti0.01Al0.21Si1.87O6 50.5192 0.430543 4.89179 1.53717 14.9413 0 19.2392 8.21885 0.221997 0 0
5000.00 1468.15 3.409355 8.141298 -40268.178966 1.026443 4.084168 cpx Na0.02Ca0.32Fe''0.48Mg1.05Fe'''0.04Ti0.01Al0.21Si1.87O6 50.3878 0.450559 4.88981 1.57726 15.4037 0 19.0143 8.05157 0.224946 0 0
5000.00 1463.15 5.173528 12.325831 -60865.421287 1.554396 6.184957 cpx Na0.02Ca0.31Fe''0.49Mg1.04Fe'''0.05Ti0.01Al0.21Si1.87O6 50.2583 0.469415 4.8882 1.61663 15.8645 0 18.7942 7.88121 0.227525 0 0
5000.00 1458.15 6.810220 16.188135 -79808.777714 2.042000 8.125269 cpx Na0.02Ca0.31Fe''0.51Mg1.03Fe'''0.05Ti0.01Al0.21Si1.86O6 50.1307 0.486933 4.88736 1.65532 16.3222 0 18.5784 7.70937 0.229757 0 0
5000.00 1453.15 8.334074 19.765056 -97290.523525 2.493913 9.923618 cpx Na0.02Ca0.30Fe''0.52Mg1.02Fe'''0.05Ti0.01Al0.21Si1.86O6 50.0046 0.502998 4.88832 1.69352 16.775 0 18.3667 7.53727 0.231657 0 0
5000.00 1448.15 9.758239 23.089665 -113483.687986 2.914308 11.596620 cpx Na0.02Ca0.29Fe''0.54Mg1.01Fe'''0.05Ti0.01Al0.22Si1.86O6 49.8789 0.517667 4.89325 1.73168 17.2207 0 18.1591 7.36543 0.233226 0 0
5000.00 1443.15 11.096976 26.197494 -128572.506749 3.307652 13.162121 cpx Na0.02Ca0.29Fe''0.55Mg1.00Fe'''0.05Ti0.01Al0.22Si1.86O6 49.7514 0.531241 4.90573 1.7706 17.6573 0 17.9559 7.19346 0.234453 0 0
5000.00 1438.15 12.368423 29.132954 -142783.767885 3.679528 14.642439 cpx Na0.02Ca0.28Fe''0.57Mg0.99Fe'''0.05Ti0.02Al0.22Si1.86O6 49.6201 0.544022 4.92876 1.81094 18.0827 0 17.7573 7.02088 0.235346 0 0
5000.00 1433.15 13.617580 32.002826 -156641.010094 4.043368 16.091077 cpx Na0.02Ca0.28Fe''0.58Mg0.98Fe'''0.05Ti0.02Al0.22Si1.86O6 49.4833 0.556405 4.96251 1.8533 18.5012 0 17.5607 6.84662 0.23595 0 0
5000.00 1428.15 14.892851 34.920453 -170692.458553 4.413464 17.564809 cpx Na0.02Ca0.27Fe''0.59Mg0.97Fe'''0.05Ti0.02Al0.22Si1.85O6 49.3414 0.568154 5.00364 1.89772 18.9198 0 17.3618 6.67113 0.236335 0 0
5000.00 1423.15 16.146556 37.774024 -184413.319991 4.775970 19.008025 cpx Na0.02Ca0.26Fe''0.61Mg0.96Fe'''0.06Ti0.02Al0.22Si1.85O6 49.2038 0.576814 5.04591 1.94136 19.3267 0 17.1653 6.50345 0.23663 0 0
5000.00 1418.15 17.362681 40.526597 -197639.889145 5.126401 20.402506 cpx Na0.02Ca0.26Fe''0.62Mg0.95Fe'''0.06Ti0.02Al0.23Si1.85O6 49.0747 0.581492 5.08618 1.98297 19.7166 0 16.9733 6.34785 0.236947 0 0
5000.00 1413.15 18.507264 43.100300 -210018.145158 5.455117 21.709621 cpx Na0.02Ca0.25Fe''0.63Mg0.95Fe'''0.06Ti0.02Al0.23Si1.85O6 48.9579 0.581816 5.12299 2.02123 20.0802 0 16.7907 6.2078 0.23739 0 0
5000.00 1408.15 19.538780 45.400850 -221119.492811 5.750367 22.882534 cpx Na0.02Ca0.25Fe''0.65Mg0.94Fe'''0.06Ti0.02Al0.23Si1.85O6 48.8565 0.578094 5.15623 2.05487 20.4075 0 16.6239 6.08486 0.238024 0 0
5000.00 1403.15 20.426484 47.359849 -230636.388537 6.003564 23.887219 cpx Na0.02Ca0.24Fe''0.66Mg0.93Fe'''0.06Ti0.02Al0.23Si1.85O6 48.7717 0.571186 5.18653 2.08297 20.6923 0 16.4783 5.97813 0.238845 0 0
5000.00 1398.15 21.388866 49.445163 -240205.593516 6.271142 24.942487 cpx Na0.02Ca0.24Fe''0.68Mg0.91Fe'''0.06Ti0.02Al0.23Si1.85O6 48.6654 0.561608 5.12216 2.09661 21.3031 0 16.1588 5.85852 0.233718 0 0
5000.00 1393.15 16.465183 37.986192 -186295.008996 4.847154 19.250100 cpx Na0.01Ca0.25Fe''0.67Mg0.95Fe'''0.04Ti0.01Al0.19Si1.88O6 49.5548 0.472126 4.26292 1.566 21.0061 0 16.7504 6.19941 0.188161 0 0
5000.00 1388.15 16.665833 38.378905 -188549.269392 4.904247 19.475763 cpx Na0.01Ca0.25Fe''0.67Mg0.95Fe'''0.04Ti0.01Al0.19Si1.88O6 49.561 0.464513 4.25978 1.55048 21.0996 0 16.7611 6.11667 0.186867 0 0
5000.00 1383.15 16.862535 38.760474 -190757.969281 4.960121 19.696406 cpx Na0.01Ca0.24Fe''0.67Mg0.95Fe'''0.04Ti0.01Al0.19Si1.88O6 49.5666 0.456967 4.257 1.53524 21.1928 0 16.7704 6.0354 0.185617 0 0
5000.00 1378.15 17.055783 39.132071 -192926.586192 5.014922 19.912605 cpx Na0.01Ca0.24Fe''0.67Mg0.95Fe'''0.04Ti0.01Al0.19Si1.88O6 49.5716 0.449481 4.25459 1.52027 21.2858 0 16.7783 5.95557 0.184412 0 0
5000.00 1373.15 17.246029 39.494762 -195060.130284 5.068782 20.124884 cpx Na0.01Ca0.24Fe''0.68Mg0.95Fe'''0.04Ti0.01Al0.19Si1.88O6 49.5759 0.442048 4.25255 1.50559 21.3786 0 16.7848 5.87714 0.183251 0 0
5000.00 1368.15 17.433688 39.849521 -197163.180407 5.121825 20.333724 cpx Na0.01Ca0.24Fe''0.68Mg0.95Fe'''0.04Ti0.01Al0.19Si1.88O6 49.5797 0.43466 4.25089 1.49118 21.4714 0 16.7899 5.80008 0.182134 0 0
5000.00 1363.15 17.619139 40.197231 -199239.908845 5.174160 20.539561 cpx Na0.01Ca0.23Fe''0.68Mg0.95Fe'''0.04Ti0.01Al0.19Si1.88O6 49.5829 0.427311 4.24964 1.47707 21.5641 0 16.7935 5.72435 0.181063 0 0
5000.00 1358.15 17.802725 40.538693 -201294.095162 5.225887 20.742792 cpx Na0.01Ca0.23Fe''0.69Mg0.95Fe'''0.04Ti0.01Al0.19Si1.88O6 49.5855 0.419994 4.2488 1.46325 21.6569 0 16.7957 5.64993 0.180038 0 0
5000.00 1353.15 17.984756 40.874622 -203329.129308 5.277098 20.943771 cpx Na0.01Ca0.23Fe''0.69Mg0.95Fe'''0.04Ti0.01Al0.19Si1.88O6 49.5874 0.412702 4.24838 1.44973 21.7496 0 16.7963 5.5768 0.179059 0 0
5000.00 1348.15 18.165507 41.205646 -205348.003956 5.327871 21.142812 cpx Na0.01Ca0.22Fe''0.69Mg0.95Fe'''0.04Ti0.01Al0.19Si1.88O6 49.5886 0.405429 4.2484 1.43651 21.8425 0 16.7955 5.50495 0.178127 0 0
5000.00 1343.15 18.345214 41.532307 -207353.295917 5.378276 21.340183 cpx Na0.01Ca0.22Fe''0.70Mg0.95Fe'''0.04Ti0.01Al0.19Si1.88O6 49.5892 0.398169 4.24888 1.4236 21.9355 0 16.7931 5.43436 0.177244 0 0
5000.00 1338.15 18.524075 41.855053 -209347.136568 5.428370 21.536108 cpx Na0.01Ca0.22Fe''0.70Mg0.95Fe'''0.04Ti0.01Al0.19Si1.88O6 49.5891 0.390915 4.24984 1.41101 22.0286 0 16.7891 5.36501 0.176409 0 0
5000.00 1333.15 18.702244 42.174229 -211331.171371 5.478197 21.730756 cpx Na0.01Ca0.22Fe''0.70Mg0.95Fe'''0.04Ti0.01Al0.19Si1.88O6 49.5883 0.383663 4.25128 1.39873 22.1219 0 16.7836 5.29691 0.175625 0 0
5000.00 1328.15 18.893129 42.519204 -213440.970761 5.531506 21.938637 cpx Na0.01Ca0.21Fe''0.70Mg0.95Fe'''0.04Ti0.01Al0.19Si1.88O6 49.5834 0.375556 4.25525 1.3891 22.2204 0 16.7675 5.2336 0.175193 0 0
5000.00 1323.15 19.117553 42.934947 -215879.447408 5.594029 22.181726 cpx Na0.01Ca0.21Fe''0.71Mg0.95Fe'''0.04Ti0.01Al0.19Si1.88O6 49.5673 0.364896 4.26592 1.38671 22.3342 0 16.7232 5.18214 0.175723 0 0
5000.00 1318.15 19.328604 43.318480 -218168.374192 5.652601 22.408993 cpx Na0.01Ca0.21Fe''0.71Mg0.94Fe'''0.04Ti0.01Al0.19Si1.88O6 49.5515 0.354474 4.2767 1.38396 22.4464 0 16.6799 5.1309 0.176237 0 0
5000.00 1313.15 19.526588 43.670665 -220311.482287 5.707322 22.620831 cpx Na0.01Ca0.21Fe''0.72Mg0.94Fe'''0.04Ti0.01Al0.19Si1.88O6 49.536 0.344285 4.28756 1.38084 22.5571 0 16.6376 5.0799 0.176731 0 0
5000.00 1308.15 19.711826 43.992388 -222312.623476 5.758290 22.817644 cpx Na0.01Ca0.20Fe''0.72Mg0.94Fe'''0.04Ti0.01Al0.19Si1.88O6 49.5208 0.334325 4.29847 1.37734 22.6663 0 16.5964 5.02912 0.177204 0 0
5000.00 1303.15 19.884637 44.284532 -224175.641082 5.805607 22.999841 cpx Na0.01Ca0.20Fe''0.72Mg0.94Fe'''0.04Ti0.01Al0.19Si1.88O6 49.506 0.324589 4.30939 1.37344 22.7742 0 16.5562 4.97858 0.177653 0 0
5000.00 1298.15 20.045360 44.548012 -225904.523257 5.849378 23.167843 cpx Na0.01Ca0.20Fe''0.73Mg0.94Fe'''0.04Ti0.01Al0.19Si1.88O6 49.4915 0.315073 4.32029 1.36913 22.8806 0 16.517 4.92829 0.178076 0 0
5000.00 1293.15 20.194350 44.783777 -227503.453686 5.889713 23.322095 cpx Na0.01Ca0.20Fe''0.73Mg0.93Fe'''0.04Ti0.01Al0.19Si1.88O6 49.4774 0.305773 4.33115 1.36441 22.9857 0 16.4788 4.87823 0.178471 0 0
5000.00 1288.15 20.331977 44.992797 -228976.708420 5.926724 23.463049 cpx Na0.01Ca0.20Fe''0.73Mg0.93Fe'''0.04Ti0.01Al0.19Si1.88O6 49.4637 0.296685 4.34193 1.35928 23.0895 0 16.4416 4.82841 0.178837 0 0
5000.00 1283.15 20.458617 45.176054 -230328.646099 5.960528 23.591170 cpx Na0.01Ca0.19Fe''0.74Mg0.93Fe'''0.04Ti0.01Al0.20Si1.88O6 49.4503 0.287805 4.35261 1.35372 23.1921 0 16.4055 4.77884 0.179172 0 0
5000.00 1278.15 20.574656 45.334545 -231563.696930 5.991242 23.706928 cpx Na0.01Ca0.19Fe''0.74Mg0.93Fe'''0.04Ti0.01Al0.20Si1.88O6 49.4374 0.27913 4.36315 1.34774 23.2934 0 16.3702 4.72951 0.179474 0 0
5000.00 1273.15 20.680488 45.469275 -232686.350368 6.018984 23.810801 cpx Na0.01Ca0.19Fe''0.74Mg0.93Fe'''0.04Ti0.01Al0.20Si1.88O6 49.4249 0.270657 4.37354 1.34134 23.3935 0 16.3359 4.68043 0.179742 0 0
5000.00 1268.15 20.776513 45.581253 -233701.141483 6.043875 23.903271 cpx Na0.01Ca0.19Fe''0.75Mg0.93Fe'''0.04Ti0.01Al0.20Si1.88O6 49.4127 0.262381 4.38375 1.33451 23.4925 0 16.3025 4.6316 0.179976 0 0
5000.00 1263.15 20.863135 45.671494 -234612.636074 6.066036 23.984825 cpx Na0.01Ca0.19Fe''0.75Mg0.92Fe'''0.04Ti0.01Al0.20Si1.88O6 49.401 0.254299 4.39376 1.32726 23.5905 0 16.27 4.58301 0.180174 0 0
5000.00 1258.15 20.940760 45.741010 -235425.414686 6.085589 24.055949 cpx Na0.01Ca0.19Fe''0.75Mg0.92Fe'''0.04Ti0.01Al0.20Si1.88O6 49.3896 0.246408 4.40355 1.31958 23.6874 0 16.2384 4.53467 0.180336 0 0
5000.00 1253.15 21.009797 45.790811 -236144.055755 6.102657 24.117130 cpx Na0.01Ca0.18Fe''0.76Mg0.92Fe'''0.04Ti0.01Al0.20Si1.88O6 49.3787 0.238705 4.4131 1.3115 23.7834 0 16.2076 4.48657 0.18046 0 0
5000.00 1248.15 21.070653 45.821897 -236773.118210 6.117360 24.168854 cpx Na0.01Ca0.18Fe''0.76Mg0.92Fe'''0.04Ti0.01Al0.20Si1.88O6 49.3682 0.231186 4.4224 1.303 23.8784 0 16.1776 4.43872 0.180548 0 0
5000.00 1243.15 21.123735 45.835255 -237317.123926 6.129818 24.211601 cpx Na0.01Ca0.18Fe''0.76Mg0.92Fe'''0.04Ti0.01Al0.20Si1.88O6 49.358 0.22385 4.43143 1.2941 23.9725 0 16.1484 4.39111 0.180597 0 0
5000.00 1238.15 21.169444 45.831860 -237780.540468 6.140151 24.245846 cpx Na0.01Ca0.18Fe''0.77Mg0.92Fe'''0.04Ti0.01Al0.20Si1.88O6 49.3483 0.216692 4.44018 1.28481 24.0658 0 16.1199 4.34375 0.180609 0 0
5000.00 1233.15 21.208177 45.812664 -238167.764605 6.148475 24.272055 cpx Na0.01Ca0.18Fe''0.77Mg0.92Fe'''0.04Ti0.01Al0.20Si1.88O6 49.3389 0.20971 4.44864 1.27514 24.1583 0 16.0921 4.29663 0.180584 0 0
5000.00 1228.15 21.240321 45.778600 -238483.107033 6.154906 24.290685 cpx Na0.01Ca0.17Fe''0.77Mg0.91Fe'''0.04Ti0.01Al0.20Si1.88O6 49.3299 0.2029 4.45681 1.26509 24.2501 0 16.065 4.24976 0.180521 0 0
5000.00 1223.15 21.266259 45.730574 -238730.778754 6.159554 24.302183 cpx Na0.01Ca0.17Fe''0.78Mg0.91Fe'''0.04Ti0.01Al0.20Si1.88O6 49.3212 0.196261 4.46467 1.25468 24.3411 0 16.0386 4.20313 0.180421 0 0
5000.00 1218.15 21.286361 45.669467 -238914.879427 6.162530 24.306983 cpx Na0.01Ca0.17Fe''0.78Mg0.91Fe'''0.04Ti0.01Al0.20Si1.88O6 49.3129 0.18979 4.47222 1.24393 24.4314 0 16.0128 4.15674 0.180284 0 0

spinel_0 thermodynamic data and composition:
Pressure Temperature mass S H V Cp formula SiO2 TiO2 Al2O3 Fe2O3 FeO MnO MgO CaO Na2O K2O P2O5
5000.00 1393.15 3.079266 6.553984 -18408.211810 0.666535 2.880943 Fe''1.44Mg0.23Fe'''0.50Al0.17Cr0.00Ti0.67O4 0 24.8728 4.03527 18.5629 48.1872 0 4.34191 0 0 0 0
5000.00 1388.15 3.044106 6.468059 -18188.611653 0.658637 2.846056 Fe''1.44Mg0.23Fe'''0.50Al0.17Cr0.00Ti0.66O4 0 24.7869 4.04297 18.7013 48.161 0 4.30792 0 0 0 0
5000.00 1383.15 3.007382 6.379028 -17959.305502 0.650402 2.809743 Fe''1.44Mg0.23Fe'''0.51Al0.17Cr0.00Ti0.66O4 0 24.6976 4.05115 18.8454 48.1325 0 4.27344 0 0 0 0
5000.00 1378.15 2.969016 6.286745 -17719.835179 0.641814 2.771935 Fe''1.43Mg0.23Fe'''0.51Al0.17Cr0.00Ti0.66O4 0 24.6047 4.05987 18.9956 48.1014 0 4.23844 0 0 0 0
5000.00 1373.15 2.928929 6.191059 -17469.727262 0.632857 2.732560 Fe''1.43Mg0.22Fe'''0.51Al0.17Cr0.00Ti0.66O4 0 24.5078 4.06918 19.1524 48.0677 0 4.2029 0 0 0 0
5000.00 1368.15 2.887037 6.091816 -17208.495746 0.623513 2.691546 Fe''1.43Mg0.22Fe'''0.52Al0.17Cr0.00Ti0.65O4 0 24.4067 4.07912 19.3163 48.031 0 4.16679 0 0 0 0
5000.00 1363.15 2.843257 5.988859 -16935.645817 0.613764 2.648819 Fe''1.43Mg0.22Fe'''0.52Al0.17Cr0.00Ti0.65O4 0 24.3011 4.08977 19.4879 47.9912 0 4.13008 0 0 0 0
5000.00 1358.15 2.797503 5.882030 -16650.679002 0.603593 2.604302 Fe''1.43Mg0.22Fe'''0.53Al0.17Cr0.00Ti0.65O4 0 24.1905 4.10118 19.6678 47.9478 0 4.09274 0 0 0 0
5000.00 1353.15 2.749689 5.771169 -16353.100009 0.592980 2.557922 Fe''1.43Mg0.22Fe'''0.53Al0.17Cr0.00Ti0.65O4 0 24.0746 4.11343 19.8566 47.9007 0 4.05475 0 0 0 0
5000.00 1348.15 2.699730 5.656125 -16042.425616 0.581910 2.509604 Fe''1.43Mg0.21Fe'''0.54Al0.17Cr0.00Ti0.64O4 0 23.9529 4.12658 20.055 47.8494 0 4.01607 0 0 0 0
5000.00 1343.15 2.647544 5.536750 -15718.195985 0.570364 2.459278 Fe''1.43Mg0.21Fe'''0.54Al0.17Cr0.00Ti0.64O4 0 23.8251 4.14073 20.2638 47.7937 0 3.97667 0 0 0 0
5000.00 1338.15 2.593054 5.412911 -15379.988783 0.558327 2.406877 Fe''1.43Mg0.21Fe'''0.55Al0.18Cr0.00Ti0.64O4 0 23.6906 4.15596 20.4838 47.7331 0 3.93652 0 0 0 0
5000.00 1333.15 2.536193 5.284491 -15027.436485 0.545784 2.352345 Fe''1.43Mg0.21Fe'''0.56Al0.18Cr0.00Ti0.63O4 0 23.549 4.17237 20.7158 47.6673 0 3.89559 0 0 0 0
5000.00 1328.15 2.457635 5.111219 -14541.401611 0.528543 2.277694 Fe''1.42Mg0.21Fe'''0.57Al0.18Cr0.00Ti0.63O4 0 23.3624 4.19704 21.0212 47.5714 0 3.84795 0 0 0 0
5000.00 1323.15 2.319702 4.814915 -13690.874444 0.498440 2.147943 Fe''1.42Mg0.20Fe'''0.58Al0.18Cr0.00Ti0.62O4 0 23.0505 4.24518 21.5309 47.3916 0 3.78178 0 0 0 0
5000.00 1318.15 2.186001 4.528438 -12869.008626 0.469296 2.022368 Fe''1.41Mg0.20Fe'''0.59Al0.18Cr0.00Ti0.61O4 0 22.7316 4.29451 22.0531 47.2045 0 3.71634 0 0 0 0
5000.00 1313.15 2.056517 4.251715 -12075.604654 0.441105 1.900942 Fe''1.41Mg0.20Fe'''0.61Al0.18Cr0.00Ti0.60O4 0 22.4059 4.345 22.5874 47.0101 0 3.65162 0 0 0 0
5000.00 1308.15 1.931225 3.984652 -11310.396326 0.413859 1.783624 Fe''1.40Mg0.19Fe'''0.62Al0.19Cr0.00Ti0.60O4 0 22.0737 4.39662 23.1334 46.8087 0 3.58763 0 0 0 0
5000.00 1303.15 1.810096 3.727143 -10573.089683 0.387550 1.670374 Fe''1.40Mg0.19Fe'''0.64Al0.19Cr0.00Ti0.59O4 0 21.735 4.44933 23.691 46.6003 0 3.52437 0 0 0 0
5000.00 1298.15 1.693087 3.479061 -9863.315549 0.362168 1.561136 Fe''1.39Mg0.19Fe'''0.66Al0.19Cr0.00Ti0.58O4 0 21.3902 4.50307 24.2595 46.3854 0 3.46184 0 0 0 0
5000.00 1293.15 1.580141 3.240244 -9180.612790 0.337698 1.455843 Fe''1.39Mg0.18Fe'''0.67Al0.19Cr0.00Ti0.57O4 0 21.0397 4.55781 24.8384 46.1641 0 3.40007 0 0 0 0
5000.00 1288.15 1.471190 3.010513 -8524.459392 0.314124 1.354419 Fe''1.38Mg0.18Fe'''0.69Al0.20Cr0.00Ti0.56O4 0 20.6837 4.6135 25.4271 45.9367 0 3.33908 0 0 0 0
5000.00 1283.15 1.366157 2.789668 -7894.275163 0.291427 1.256778 Fe''1.37Mg0.18Fe'''0.70Al0.20Cr0.00Ti0.55O4 0 20.3226 4.67007 26.0249 45.7035 0 3.27887 0 0 0 0
5000.00 1278.15 1.264954 2.577493 -7289.424971 0.269588 1.162828 Fe''1.37Mg0.17Fe'''0.72Al0.20Cr0.00Ti0.54O4 0 19.957 4.72747 26.631 45.465 0 3.21948 0 0 0 0
5000.00 1273.15 1.167488 2.373756 -6709.222549 0.248583 1.072468 Fe''1.36Mg0.17Fe'''0.74Al0.20Cr0.00Ti0.53O4 0 19.5874 4.78565 27.2445 45.2215 0 3.16094 0 0 0 0
5000.00 1268.15 1.073654 2.178207 -6152.934894 0.228390 0.985590 Fe''1.35Mg0.17Fe'''0.75Al0.21Cr0.00Ti0.52O4 0 19.2141 4.84453 27.8646 44.9735 0 3.10327 0 0 0 0
5000.00 1263.15 0.983343 1.990588 -5619.787243 0.208983 0.902082 Fe''1.35Mg0.16Fe'''0.77Al0.21Cr0.00Ti0.51O4 0 18.8378 4.90407 28.4902 44.7214 0 3.0465 0 0 0 0
5000.00 1258.15 0.896440 1.810626 -5108.968621 0.190335 0.821826 Fe''1.34Mg0.16Fe'''0.79Al0.21Cr0.00Ti0.50O4 0 18.4591 4.96418 29.1203 44.4658 0 2.99067 0 0 0 0
5000.00 1253.15 0.812821 1.638041 -4619.637881 0.172419 0.744700 Fe''1.33Mg0.16Fe'''0.81Al0.21Cr0.00Ti0.49O4 0 18.0786 5.02482 29.7538 44.207 0 2.9358 0 0 0 0
5000.00 1248.15 0.732364 1.472546 -4150.930180 0.155207 0.670577 Fe''1.32Mg0.15Fe'''0.82Al0.22Cr0.00Ti0.48O4 0 17.6968 5.08592 30.3898 43.9456 0 2.88192 0 0 0 0
5000.00 1243.15 0.654938 1.313848 -3701.963760 0.138669 0.599331 Fe''1.32Mg0.15Fe'''0.84Al0.22Cr0.00Ti0.47O4 0 17.3144 5.14742 31.027 43.6821 0 2.82905 0 0 0 0
5000.00 1238.15 0.580414 1.161652 -3271.846910 0.122776 0.530833 Fe''1.31Mg0.15Fe'''0.86Al0.22Cr0.00Ti0.46O4 0 16.932 5.20926 31.6645 43.4171 0 2.77724 0 0 0 0
5000.00 1233.15 0.508660 1.015665 -2859.684973 0.107498 0.464954 Fe''1.30Mg0.15Fe'''0.88Al0.22Cr0.00Ti0.45O4 0 16.5501 5.27138 32.301 43.151 0 2.72648 0 0 0 0
5000.00 1228.15 0.439546 0.875594 -2464.587219 0.092807 0.401566 Fe''1.29Mg0.14Fe'''0.89Al0.23Cr0.00Ti0.44O4 0 16.1694 5.33374 32.9357 42.8843 0 2.6768 0 0 0 0
5000.00 1223.15 0.372941 0.741151 -2085.673467 0.078672 0.340543 Fe''1.29Mg0.14Fe'''0.91Al0.23Cr0.00Ti0.43O4 0 15.7904 5.39628 33.5675 42.6176 0 2.62822 0 0 0 0
5000.00 1218.15 0.308719 0.612052 -1722.080297 0.065066 0.281762 Fe''1.28Mg0.14Fe'''0.93Al0.23Cr0.00Ti0.42O4 0 15.4136 5.45895 34.1954 42.3513 0 2.58074 0 0 0 0

whitlockite thermodynamic data and composition:
Pressure Temperature mass S H V Cp formula
5000.00 1433.15 0.011042 0.026310 -130.017381 0.003475 0.011701 Ca3(PO4)2
5000.00 1428.15 0.044556 0.106003 -524.897185 0.014023 0.047197 Ca3(PO4)2
5000.00 1423.15 0.077298 0.183613 -911.033363 0.024327 0.081848 Ca3(PO4)2
5000.00 1418.15 0.109016 0.258547 -1285.426781 0.034309 0.115386 Ca3(PO4)2
5000.00 1413.15 0.138846 0.328776 -1637.901974 0.043697 0.146900 Ca3(PO4)2
5000.00 1408.15 0.165629 0.391573 -1954.717008 0.052126 0.175165 Ca3(PO4)2
5000.00 1403.15 0.188441 0.444797 -2224.939631 0.059306 0.199209 Ca3(PO4)2
5000.00 1398.15 0.250309 0.589885 -2956.740099 0.078777 0.264503 Ca3(PO4)2
5000.00 1393.15 0.350479 0.824622 -4141.838147 0.110302 0.370199 Ca3(PO4)2
5000.00 1388.15 0.350479 0.823291 -4143.688759 0.110302 0.370045 Ca3(PO4)2
5000.00 1383.15 0.350479 0.821956 -4145.538596 0.110302 0.369890 Ca3(PO4)2
5000.00 1378.15 0.350479 0.820617 -4147.387654 0.110302 0.369734 Ca3(PO4)2
5000.00 1373.15 0.350479 0.819274 -4149.235929 0.110302 0.369576 Ca3(PO4)2
5000.00 1368.15 0.350479 0.805897 -4167.597599 0.110302 0.498412 Ca3(PO4)2
5000.00 1363.15 0.350479 0.804075 -4170.085939 0.110302 0.496926 Ca3(PO4)2
5000.00 1358.15 0.350479 0.802252 -4172.566873 0.110302 0.495449 Ca3(PO4)2
5000.00 1353.15 0.350479 0.800427 -4175.040441 0.110302 0.493980 Ca3(PO4)2
5000.00 1348.15 0.350479 0.798601 -4177.506684 0.110302 0.492519 Ca3(PO4)2
5000.00 1343.15 0.350479 0.796774 -4179.965643 0.110302 0.491066 Ca3(PO4)2
5000.00 1338.15 0.350479 0.794945 -4182.417359 0.110302 0.489621 Ca3(PO4)2
5000.00 1333.15 0.350479 0.793115 -4184.861871 0.110302 0.488185 Ca3(PO4)2
5000.00 1328.15 0.350479 0.791283 -4187.299219 0.110302 0.486756 Ca3(PO4)2
5000.00 1323.15 0.350479 0.789450 -4189.729444 0.110302 0.485335 Ca3(PO4)2
5000.00 1318.15 0.350479 0.787615 -4192.152584 0.110302 0.483922 Ca3(PO4)2
5000.00 1313.15 0.350479 0.785778 -4194.568681 0.110302 0.482517 Ca3(PO4)2
5000.00 1308.15 0.350479 0.783940 -4196.977771 0.110302 0.481120 Ca3(PO4)2
5000.00 1303.15 0.350479 0.782101 -4199.379896 0.110302 0.479731 Ca3(PO4)2
5000.00 1298.15 0.350479 0.780259 -4201.775093 0.110302 0.478349 Ca3(PO4)2
5000.00 1293.15 0.350479 0.778416 -4204.163401 0.110302 0.476975 Ca3(PO4)2
5000.00 1288.15 0.350479 0.776571 -4206.544858 0.110302 0.475609 Ca3(PO4)2
5000.00 1283.15 0.350479 0.774724 -4208.919504 0.110302 0.474250 Ca3(PO4)2
5000.00 1278.15 0.350479 0.772875 -4211.287374 0.110302 0.472899 Ca3(PO4)2
5000.00 1273.15 0.350479 0.771024 -4213.648509 0.110302 0.471556 Ca3(PO4)2
5000.00 1268.15 0.350479 0.769171 -4216.002944 0.110302 0.470220 Ca3(PO4)2
5000.00 1263.15 0.350479 0.767316 -4218.350718 0.110302 0.468891 Ca3(PO4)2
5000.00 1258.15 0.350479 0.765459 -4220.691867 0.110302 0.467570 Ca3(PO4)2
5000.00 1253.15 0.350479 0.763599 -4223.026428 0.110302 0.466256 Ca3(PO4)2
5000.00 1248.15 0.350479 0.761738 -4225.354439 0.110302 0.464949 Ca3(PO4)2
5000.00 1243.15 0.350479 0.759874 -4227.675935 0.110302 0.463650 Ca3(PO4)2
5000.00 1238.15 0.350479 0.758008 -4229.990954 0.110302 0.462358 Ca3(PO4)2
5000.00 1233.15 0.350479 0.756140 -4232.299530 0.110302 0.461073 Ca3(PO4)2
5000.00 1228.15 0.350479 0.754269 -4234.601700 0.110302 0.459796 Ca3(PO4)2
5000.00 1223.15 0.350479 0.752396 -4236.897500 0.110302 0.458525 Ca3(PO4)2
5000.00 1218.15 0.350479 0.750521 -4239.186964 0.110302 0.457262 Ca3(PO4)2

feldspar_0 thermodynamic data and composition:
Pressure Temperature mass S H V Cp formula SiO2 TiO2 Al2O3 Fe2O3 FeO MnO MgO CaO Na2O K2O P2O5
5000.00 1518.15 0.723099 1.802484 -9803.690099 0.270940 0.894634 K0.00Na0.29Ca0.71Al1.71Si2.29O8 50.2342 0 31.9005 0 0 0 0 14.5968 3.24031 0.0282914 0
5000.00 1513.15 4.210714 10.491486 -57097.528960 1.579443 5.208545 K0.00Na0.30Ca0.70Al1.70Si2.30O8 50.6474 0 31.6213 0 0 0 0 14.27 3.42917 0.0321771 0
5000.00 1508.15 7.548676 18.799251 -102377.458501 2.834525 9.335594 K0.00Na0.32Ca0.68Al1.68Si2.32O8 51.0524 0 31.3475 0 0 0 0 13.9496 3.61392 0.0365926 0
5000.00 1503.15 10.747329 26.750822 -145783.627483 4.039768 13.288579 K0.00Na0.33Ca0.66Al1.66Si2.34O8 51.4466 0 31.0808 0 0 0 0 13.6376 3.79333 0.0416197 0
5000.00 1498.15 13.796372 34.319819 -187176.331614 5.190989 17.054755 K0.00Na0.35Ca0.65Al1.65Si2.35O8 51.8281 0 30.8225 0 0 0 0 13.3355 3.96645 0.047336 0
5000.00 1493.15 16.677641 41.460452 -226308.936929 6.281025 20.611659 K0.00Na0.36Ca0.63Al1.63Si2.37O8 52.1957 0 30.5735 0 0 0 0 13.0443 4.13269 0.0538143 0
5000.00 1488.15 19.377047 48.137373 -262989.792854 7.304244 23.941898 K0.00Na0.38Ca0.62Al1.62Si2.38O8 52.5491 0 30.3338 0 0 0 0 12.7641 4.29185 0.0611298 0
5000.00 1483.15 21.890134 54.339491 -297157.615140 8.258658 27.040011 K0.00Na0.39Ca0.61Al1.61Si2.39O8 52.8885 0 30.1034 0 0 0 0 12.4948 4.44399 0.0693688 0
5000.00 1478.15 24.221734 60.079018 -328876.882109 9.145809 29.912027 K0.00Na0.40Ca0.59Al1.59Si2.41O8 53.2145 0 29.8817 0 0 0 0 12.2359 4.58932 0.0786374 0
5000.00 1473.15 26.426667 65.491883 -358891.059151 9.986101 32.625636 K0.01Na0.41Ca0.58Al1.58Si2.42O8 53.5256 0 29.6698 0 0 0 0 11.9884 4.72701 0.0892191 0
5000.00 1468.15 28.470757 70.494040 -386734.385118 10.766486 35.138725 K0.01Na0.43Ca0.57Al1.57Si2.43O8 53.8249 0 29.4655 0 0 0 0 11.75 4.85839 0.101207 0
5000.00 1463.15 30.355224 75.089184 -412421.769002 11.487247 37.452877 K0.01Na0.44Ca0.56Al1.56Si2.44O8 54.1133 0 29.2682 0 0 0 0 11.5199 4.98383 0.114757 0
5000.00 1458.15 32.094438 79.313311 -436147.066119 12.153610 39.585860 K0.01Na0.45Ca0.55Al1.55Si2.45O8 54.3903 0 29.0782 0 0 0 0 11.2986 5.10291 0.13008 0
5000.00 1453.15 33.691555 83.174361 -457952.350758 12.766525 41.541570 K0.01Na0.46Ca0.54Al1.54Si2.46O8 54.6536 0 28.8969 0 0 0 0 11.0876 5.2146 0.14731 0
5000.00 1448.15 35.128351 86.626960 -477590.458493 13.318730 43.297521 K0.01Na0.46Ca0.53Al1.53Si2.47O8 54.8988 0 28.7275 0 0 0 0 10.8906 5.31681 0.166284 0
5000.00 1443.15 36.356226 89.550403 -494403.145869 13.791293 44.793848 K0.01Na0.47Ca0.52Al1.52Si2.48O8 55.118 0 28.5754 0 0 0 0 10.7139 5.40651 0.186181 0
5000.00 1438.15 37.318530 91.805052 -507623.120196 14.162223 45.961024 K0.01Na0.48Ca0.51Al1.51Si2.49O8 55.3051 0 28.445 0 0 0 0 10.5627 5.48162 0.205553 0
5000.00 1433.15 38.003196 93.363819 -517084.996258 14.426828 46.790821 K0.01Na0.48Ca0.50Al1.50Si2.50O8 55.4629 0 28.3347 0 0 0 0 10.4349 5.54407 0.223458 0
5000.00 1428.15 38.450153 94.329705 -523325.670268 14.600535 47.321594 K0.01Na0.49Ca0.50Al1.50Si2.50O8 55.602 0 28.2373 0 0 0 0 10.3221 5.59864 0.240017 0
5000.00 1423.15 38.724744 94.866455 -527230.291650 14.708308 47.639610 K0.01Na0.49Ca0.49Al1.49Si2.51O8 55.7281 0 28.1489 0 0 0 0 10.2197 5.64807 0.255167 0
5000.00 1418.15 38.877612 95.100864 -529484.337258 14.769529 47.807503 K0.02Na0.50Ca0.49Al1.49Si2.51O8 55.8461 0 28.0663 0 0 0 0 10.1241 5.69436 0.269209 0
5000.00 1413.15 38.945069 95.123166 -530580.545948 14.798002 47.870113 K0.02Na0.50Ca0.48Al1.48Si2.52O8 55.9569 0 27.9888 0 0 0 0 10.0343 5.73796 0.282161 0
5000.00 1408.15 38.953632 94.998640 -530880.054750 14.803722 47.860131 K0.02Na0.50Ca0.48Al1.48Si2.52O8 56.059 0 27.9174 0 0 0 0 9.95153 5.77833 0.293808 0
5000.00 1403.15 38.923475 94.776624 -530658.205321 14.794259 47.802387 K0.02Na0.51Ca0.48Al1.48Si2.52O8 56.1504 0 27.8535 0 0 0 0 9.87748 5.81469 0.303905 0
5000.00 1398.15 39.315109 95.586126 -536168.527759 14.946346 48.262472 K0.02Na0.51Ca0.47Al1.47Si2.53O8 56.2691 0 27.77 0 0 0 0 9.78096 5.86028 0.319652 0
5000.00 1393.15 42.878030 103.930208 -585211.557921 16.275395 52.593533 K0.02Na0.49Ca0.49Al1.49Si2.51O8 55.7669 0 28.1085 0 0 0 0 10.1774 5.62844 0.318851 0
5000.00 1388.15 42.827711 103.621680 -584783.355739 16.254561 52.507140 K0.02Na0.49Ca0.49Al1.49Si2.51O8 55.7756 0 28.1026 0 0 0 0 10.1704 5.63224 0.319226 0
5000.00 1383.15 42.775742 103.309101 -584331.728870 16.233124 52.418650 K0.02Na0.49Ca0.49Al1.49Si2.51O8 55.7846 0 28.0964 0 0 0 0 10.1632 5.6362 0.319614 0
5000.00 1378.15 42.722045 102.992310 -583855.589328 16.211054 52.327973 K0.02Na0.49Ca0.49Al1.49Si2.51O8 55.794 0 28.0899 0 0 0 0 10.1557 5.64031 0.320015 0
5000.00 1373.15 42.666543 102.671143 -583353.813920 16.188323 52.235013 K0.02Na0.49Ca0.49Al1.49Si2.51O8 55.8038 0 28.0833 0 0 0 0 10.1479 5.64459 0.320432 0
5000.00 1368.15 42.609153 102.345430 -582825.250681 16.164901 52.139675 K0.02Na0.49Ca0.49Al1.49Si2.51O8 55.814 0 28.0763 0 0 0 0 10.1398 5.64905 0.320863 0
5000.00 1363.15 42.549793 102.015002 -582268.727965 16.140758 52.041860 K0.02Na0.49Ca0.49Al1.49Si2.51O8 55.8246 0 28.0691 0 0 0 0 10.1314 5.65369 0.321311 0
5000.00 1358.15 42.488381 101.679690 -581683.066815 16.115862 51.941472 K0.02Na0.49Ca0.49Al1.49Si2.51O8 55.8356 0 28.0615 0 0 0 0 10.1226 5.65852 0.321775 0
5000.00 1353.15 42.424833 101.339330 -581067.097380 16.090185 51.838412 K0.02Na0.49Ca0.49Al1.49Si2.51O8 55.8471 0 28.0537 0 0 0 0 10.1134 5.66356 0.322257 0
5000.00 1348.15 42.359071 100.993761 -580419.680230 16.063697 51.732589 K0.02Na0.49Ca0.49Al1.49Si2.51O8 55.8591 0 28.0455 0 0 0 0 10.1038 5.66881 0.322758 0
5000.00 1343.15 42.291019 100.642839 -579739.733462 16.036370 51.623913 K0.02Na0.49Ca0.49Al1.49Si2.51O8 55.8716 0 28.0369 0 0 0 0 10.0939 5.67429 0.323277 0
5000.00 1338.15 42.220607 100.286432 -579026.266577 16.008179 51.512305 K0.02Na0.50Ca0.49Al1.49Si2.51O8 55.8846 0 28.0281 0 0 0 0 10.0835 5.67999 0.323816 0
5000.00 1333.15 42.147778 99.924435 -578278.421962 15.979103 51.397697 K0.02Na0.50Ca0.49Al1.49Si2.51O8 55.8982 0 28.0188 0 0 0 0 10.0727 5.68593 0.324376 0
5000.00 1328.15 42.050016 99.505065 -577184.646022 15.940867 51.252846 K0.02Na0.50Ca0.48Al1.48Si2.52O8 55.9181 0 28.0052 0 0 0 0 10.0569 5.69468 0.32513 0
5000.00 1323.15 41.882970 98.926791 -575130.593869 15.877179 51.024156 K0.02Na0.50Ca0.48Al1.48Si2.52O8 55.9558 0 27.9795 0 0 0 0 10.0269 5.71137 0.326426 0
5000.00 1318.15 41.720596 98.360090 -573139.132771 15.815219 50.801173 K0.02Na0.50Ca0.48Al1.48Si2.52O8 55.9925 0 27.9545 0 0 0 0 9.99768 5.72761 0.327697 0
5000.00 1313.15 41.562915 97.804948 -571210.624879 15.754993 50.583913 K0.02Na0.50Ca0.48Al1.48Si2.52O8 56.0282 0 27.9302 0 0 0 0 9.96931 5.74337 0.32894 0
5000.00 1308.15 41.409935 97.261233 -569345.402758 15.696502 50.691914 K0.02Na0.50Ca0.48Al1.48Si2.52O8 56.0628 0 27.9066 0 0 0 0 9.94179 5.75866 0.330155 0
5000.00 1303.15 41.261666 96.727870 -567545.025294 15.639709 50.487059 K0.02Na0.50Ca0.48Al1.48Si2.52O8 56.0963 0 27.8838 0 0 0 0 9.91513 5.77346 0.331342 0
5000.00 1298.15 41.118103 96.205912 -565808.037913 15.584655 50.287961 K0.02Na0.50Ca0.48Al1.48Si2.52O8 56.1287 0 27.8617 0 0 0 0 9.88934 5.78777 0.332499 0
5000.00 1293.15 40.979222 95.695244 -564134.190268 15.531331 50.094586 K0.02Na0.51Ca0.48Al1.48Si2.52O8 56.16 0 27.8404 0 0 0 0 9.86443 5.80159 0.333625 0
5000.00 1288.15 40.844988 95.195724 -562523.077890 15.479724 49.906887 K0.02Na0.51Ca0.47Al1.47Si2.53O8 56.1902 0 27.8198 0 0 0 0 9.84041 5.8149 0.334722 0
5000.00 1283.15 40.715355 94.707188 -560974.144586 15.429817 49.724806 K0.02Na0.51Ca0.47Al1.47Si2.53O8 56.2192 0 27.8 0 0 0 0 9.81728 5.82772 0.335788 0
5000.00 1278.15 40.590266 94.229447 -559486.686034 15.381588 49.548270 K0.02Na0.51Ca0.47Al1.47Si2.53O8 56.2472 0 27.7809 0 0 0 0 9.79503 5.84004 0.336822 0
5000.00 1273.15 40.469655 93.762290 -558059.854678 15.335014 49.377194 K0.02Na0.51Ca0.47Al1.47Si2.53O8 56.274 0 27.7626 0 0 0 0 9.77367 5.85187 0.337826 0
5000.00 1268.15 40.353445 93.305485 -556692.666000 15.290065 49.211485 K0.02Na0.51Ca0.47Al1.47Si2.53O8 56.2998 0 27.7451 0 0 0 0 9.75319 5.8632 0.338799 0
5000.00 1263.15 40.241550 92.858778 -555384.006180 15.246709 49.051036 K0.02Na0.51Ca0.47Al1.47Si2.53O8 56.3244 0 27.7283 0 0 0 0 9.73357 5.87404 0.339741 0
5000.00 1258.15 40.133876 92.421902 -554132.641139 15.204913 48.895733 K0.02Na0.51Ca0.47Al1.47Si2.53O8 56.3479 0 27.7122 0 0 0 0 9.71481 5.8844 0.340653 0
5000.00 1253.15 40.030322 91.994569 -552937.226858 15.164637 48.745451 K0.02Na0.51Ca0.47Al1.47Si2.53O8 56.3704 0 27.6968 0 0 0 0 9.6969 5.89429 0.341534 0
5000.00 1248.15 39.930778 91.576480 -551796.320823 15.125843 48.600059 K0.02Na0.51Ca0.47Al1.47Si2.53O8 56.3919 0 27.6822 0 0 0 0 9.67982 5.90371 0.342385 0
5000.00 1243.15 39.835129 91.167323 -550708.394382 15.088487 48.459419 K0.02Na0.52Ca0.47Al1.47Si2.53O8 56.4123 0 27.6683 0 0 0 0 9.66355 5.91267 0.343207 0
5000.00 1238.15 39.743257 90.766776 -549671.845730 15.052524 48.323389 K0.02Na0.52Ca0.46Al1.46Si2.54O8 56.4317 0 27.655 0 0 0 0 9.64807 5.92119 0.344001 0
5000.00 1233.15 39.655036 90.374511 -548685.013220 15.017911 48.191821 K0.02Na0.52Ca0.46Al1.46Si2.54O8 56.4502 0 27.6424 0 0 0 0 9.63337 5.92928 0.344766 0
5000.00 1228.15 39.570340 89.990193 -547746.188660 14.984598 48.064567 K0.02Na0.52Ca0.46Al1.46Si2.54O8 56.4677 0 27.6304 0 0 0 0 9.61942 5.93694 0.345504 0
5000.00 1223.15 39.489039 89.613487 -546853.630271 14.952539 47.941474 K0.02Na0.52Ca0.46Al1.46Si2.54O8 56.4843 0 27.6191 0 0 0 0 9.6062 5.9442 0.346215 0
5000.00 1218.15 39.411003 89.244054 -546005.574998 14.921685 47.822393 K0.02Na0.52Ca0.46Al1.46Si2.54O8 56.5 0 27.6084 0 0 0 0 9.59368 5.95105 0.346901 0

olivine_0 thermodynamic data and composition:
Pressure Temperature mass S H V Cp formula SiO2 TiO2 Al2O3 Fe2O3 FeO MnO MgO CaO Na2O K2O P2O5
5000.00 1398.15 0.799745 1.792624 -7264.589136 0.214646 0.867417 (Ca0.01Mg0.44Fe''0.46Mn0.09Co0.00Ni0.00)2SiO4 34.1784 0 0 0 37.9628 7.35299 20.0567 0.449078 0 0 0
5000.00 1393.15 1.324793 2.952152 -11771.146204 0.352361 1.415076 (Ca0.01Mg0.40Fe''0.44Mn0.16Co0.00Ni0.00)2SiO4 33.6754 0 0 0 35.3925 12.6774 17.7808 0.473885 0 0 0
5000.00 1388.15 1.334597 2.968650 -11861.317663 0.354834 1.424925 (Ca0.01Mg0.40Fe''0.44Mn0.16Co0.00Ni0.00)2SiO4 33.6736 0 0 0 35.4997 12.5843 17.7781 0.464266 0 0 0
5000.00 1383.15 1.344749 2.985818 -11954.513591 0.357398 1.435129 (Ca0.01Mg0.40Fe''0.44Mn0.16Co0.00Ni0.00)2SiO4 33.6718 0 0 0 35.6091 12.4893 17.775 0.454786 0 0 0
5000.00 1378.15 1.355276 3.003714 -12050.976240 0.360058 1.445718 (Ca0.01Mg0.40Fe''0.44Mn0.16Co0.00Ni0.00)2SiO4 33.6698 0 0 0 35.721 12.3923 17.7715 0.445443 0 0 0
5000.00 1373.15 1.366209 3.022397 -12150.972143 0.362822 1.456722 (Ca0.01Mg0.40Fe''0.45Mn0.15Co0.00Ni0.00)2SiO4 33.6678 0 0 0 35.8353 12.2931 17.7675 0.436237 0 0 0
5000.00 1368.15 1.377580 3.041935 -12254.794501 0.365700 1.468177 (Ca0.01Mg0.40Fe''0.45Mn0.15Co0.00Ni0.00)2SiO4 33.6657 0 0 0 35.9523 12.1917 17.7633 0.427166 0 0 0
5000.00 1363.15 1.389426 3.062402 -12362.765701 0.368701 1.480120 (Ca0.01Mg0.40Fe''0.45Mn0.15Co0.00Ni0.00)2SiO4 33.6635 0 0 0 36.072 12.0877 17.7586 0.41823 0 0 0
5000.00 1358.15 1.401786 3.083878 -12475.239917 0.371835 1.492593 (Ca0.01Mg0.40Fe''0.45Mn0.15Co0.00Ni0.00)2SiO4 33.6612 0 0 0 36.1946 11.9811 17.7537 0.409428 0 0 0
5000.00 1353.15 1.414704 3.106452 -12592.605736 0.375113 1.505643 (Ca0.01Mg0.40Fe''0.45Mn0.15Co0.00Ni0.00)2SiO4 33.6588 0 0 0 36.3203 11.8717 17.7484 0.400758 0 0 0
5000.00 1348.15 1.428228 3.130221 -12715.288695 0.378549 1.519318 (Ca0.01Mg0.40Fe''0.45Mn0.15Co0.00Ni0.00)2SiO4 33.6564 0 0 0 36.4491 11.7593 17.7429 0.39222 0 0 0
5000.00 1343.15 1.442410 3.155289 -12843.753608 0.382155 1.533674 (Ca0.01Mg0.40Fe''0.45Mn0.15Co0.00Ni0.00)2SiO4 33.654 0 0 0 36.5813 11.6437 17.7372 0.383813 0 0 0
5000.00 1338.15 1.457305 3.181771 -12978.506481 0.385946 1.548769 (Ca0.01Mg0.40Fe''0.46Mn0.15Co0.00Ni0.00)2SiO4 33.6515 0 0 0 36.7169 11.5247 17.7313 0.375536 0 0 0
5000.00 1333.15 1.472976 3.209790 -13120.095784 0.389938 1.564669 (Ca0.01Mg0.40Fe''0.46Mn0.14Co0.00Ni0.00)2SiO4 33.649 0 0 0 36.8562 11.4021 17.7254 0.367388 0 0 0
5000.00 1328.15 1.493122 3.247355 -13301.021580 0.395106 1.585329 (Ca0.01Mg0.40Fe''0.46Mn0.14Co0.00Ni0.00)2SiO4 33.6467 0 0 0 37.0247 11.2482 17.7209 0.359464 0 0 0
5000.00 1323.15 1.525854 3.311959 -13592.708496 0.403586 1.619420 (Ca0.01Mg0.40Fe''0.46Mn0.14Co0.00Ni0.00)2SiO4 33.6454 0 0 0 37.2738 11.0069 17.7219 0.351944 0 0 0
5000.00 1318.15 1.559792 3.378867 -13895.302319 0.412379 1.654758 (Ca0.01Mg0.40Fe''0.47Mn0.14Co0.00Ni0.00)2SiO4 33.6442 0 0 0 37.5205 10.7675 17.7233 0.344504 0 0 0
5000.00 1313.15 1.594962 3.448115 -14209.019193 0.421491 1.691366 (Ca0.01Mg0.40Fe''0.47Mn0.13Co0.00Ni0.00)2SiO4 33.6431 0 0 0 37.7647 10.53 17.725 0.337148 0 0 0
5000.00 1308.15 1.631387 3.519738 -14534.059628 0.430928 1.729266 (Ca0.01Mg0.40Fe''0.47Mn0.13Co0.00Ni0.00)2SiO4 33.642 0 0 0 38.0062 10.2949 17.7269 0.329878 0 0 0
5000.00 1303.15 1.669091 3.593765 -14870.613609 0.440696 1.768480 (Ca0.01Mg0.40Fe''0.48Mn0.13Co0.00Ni0.00)2SiO4 33.641 0 0 0 38.2451 10.0624 17.7289 0.322695 0 0 0
5000.00 1298.15 1.708094 3.670221 -15218.851012 0.450799 1.809025 (Ca0.01Mg0.40Fe''0.48Mn0.12Co0.00Ni0.00)2SiO4 33.64 0 0 0 38.4812 9.83259 17.7307 0.315602 0 0 0
5000.00 1293.15 1.748415 3.749125 -15578.915811 0.461242 1.850916 (Ca0.00Mg0.40Fe''0.48Mn0.12Co0.00Ni0.00)2SiO4 33.6389 0 0 0 38.7145 9.60583 17.7322 0.308601 0 0 0
5000.00 1288.15 1.790070 3.830491 -15950.929217 0.472028 1.894166 (Ca0.00Mg0.40Fe''0.48Mn0.12Co0.00Ni0.00)2SiO4 33.6377 0 0 0 38.9449 9.38231 17.7333 0.301693 0 0 0
5000.00 1283.15 1.833073 3.914326 -16334.988069 0.483160 1.938785 (Ca0.00Mg0.40Fe''0.49Mn0.12Co0.00Ni0.00)2SiO4 33.6365 0 0 0 39.1725 9.1622 17.7339 0.29488 0 0 0
5000.00 1278.15 1.877434 4.000634 -16731.163361 0.494640 1.984780 (Ca0.00Mg0.40Fe''0.49Mn0.11Co0.00Ni0.00)2SiO4 33.6351 0 0 0 39.3973 8.94571 17.7338 0.288163 0 0 0
5000.00 1273.15 1.923162 4.089408 -17139.498938 0.506470 2.032154 (Ca0.00Mg0.40Fe''0.49Mn0.11Co0.00Ni0.00)2SiO4 33.6335 0 0 0 39.6191 8.73301 17.7329 0.281544 0 0 0
5000.00 1268.15 1.970263 4.180639 -17560.010359 0.518649 2.080909 (Ca0.00Mg0.40Fe''0.50Mn0.11Co0.00Ni0.00)2SiO4 33.6317 0 0 0 39.838 8.52424 17.731 0.275024 0 0 0
5000.00 1263.15 2.018737 4.274308 -17992.683954 0.531179 2.131040 (Ca0.00Mg0.40Fe''0.50Mn0.10Co0.00Ni0.00)2SiO4 33.6297 0 0 0 40.0541 8.31955 17.728 0.268604 0 0 0
5000.00 1258.15 2.068586 4.370392 -18437.476053 0.544058 2.182542 (Ca0.00Mg0.40Fe''0.50Mn0.10Co0.00Ni0.00)2SiO4 33.6275 0 0 0 40.2673 8.11907 17.7238 0.262285 0 0 0
5000.00 1253.15 2.119805 4.468860 -18894.312389 0.557283 2.235405 (Ca0.00Mg0.40Fe''0.50Mn0.10Co0.00Ni0.00)2SiO4 33.625 0 0 0 40.4777 7.92289 17.7183 0.256067 0 0 0
5000.00 1248.15 2.172386 4.569673 -19363.087633 0.570853 2.289616 (Ca0.00Mg0.40Fe''0.51Mn0.10Co0.00Ni0.00)2SiO4 33.6222 0 0 0 40.6853 7.73113 17.7114 0.249952 0 0 0
5000.00 1243.15 2.226319 4.672787 -19843.665050 0.584763 2.345157 (Ca0.00Mg0.40Fe''0.51Mn0.10Co0.00Ni0.00)2SiO4 33.619 0 0 0 40.8902 7.54384 17.703 0.243939 0 0 0
5000.00 1238.15 2.281591 4.778149 -20335.876221 0.599009 2.402008 (Ca0.00Mg0.40Fe''0.51Mn0.09Co0.00Ni0.00)2SiO4 33.6155 0 0 0 41.0924 7.36109 17.6929 0.238028 0 0 0
5000.00 1233.15 2.338185 4.885701 -20839.520782 0.613585 2.460145 (Ca0.00Mg0.40Fe''0.51Mn0.09Co0.00Ni0.00)2SiO4 33.6116 0 0 0 41.292 7.18292 17.6812 0.232221 0 0 0
5000.00 1228.15 2.396079 4.995378 -21354.366160 0.628486 2.519540 (Ca0.00Mg0.40Fe''0.52Mn0.09Co0.00Ni0.00)2SiO4 33.6074 0 0 0 41.4891 7.00936 17.6676 0.226515 0 0 0
5000.00 1223.15 2.455249 5.107105 -21880.147226 0.643703 2.580161 (Ca0.00Mg0.40Fe''0.52Mn0.09Co0.00Ni0.00)2SiO4 33.6027 0 0 0 41.6837 6.84044 17.6523 0.220913 0 0 0
5000.00 1218.15 2.515669 5.220805 -22416.565860 0.659229 2.641973 (Ca0.00Mg0.39Fe''0.52Mn0.08Co0.00Ni0.00)2SiO4 33.5977 0 0 0 41.8758 6.67615 17.635 0.215412 0 0 0

clinopyroxene_0 thermodynamic data and composition:
Pressure Temperature mass S H V Cp structure formula SiO2 TiO2 Al2O3 Fe2O3 FeO MnO MgO CaO Na2O K2O P2O5
5000.00 1538.15 0.262193 0.631778 -3307.801646 0.081292 0.314329 cpx Na0.02Ca0.76Fe''0.18Mg0.91Fe'''0.04Ti0.01Al0.22Si1.87O6 51.1089 0.360507 5.14213 1.35012 5.79331 0 16.6054 19.3766 0.263052 0 0
5000.00 1533.15 3.413005 8.209234 -43007.650285 1.056738 4.086202 cpx Na0.02Ca0.76Fe''0.18Mg0.89Fe'''0.04Ti0.01Al0.23Si1.86O6 50.886 0.393872 5.36982 1.40811 5.93619 0 16.3788 19.3522 0.275075 0 0
5000.00 1528.15 6.426268 15.429472 -80880.152044 1.986951 7.683617 cpx Na0.02Ca0.76Fe''0.19Mg0.88Fe'''0.04Ti0.01Al0.24Si1.86O6 50.6624 0.428931 5.59692 1.46623 6.08376 0 16.1563 19.3181 0.287352 0 0
5000.00 1523.15 9.314330 22.324075 -117082.843631 2.875883 11.122070 cpx Na0.02Ca0.76Fe''0.19Mg0.87Fe'''0.04Ti0.01Al0.25Si1.85O6 50.4384 0.46566 5.82309 1.5244 6.23582 0 15.9375 19.2752 0.299888 0 0
5000.00 1518.15 12.278682 29.382354 -154099.041070 3.785745 14.645544 cpx Na0.02Ca0.75Fe''0.20Mg0.86Fe'''0.04Ti0.01Al0.26Si1.85O6 50.2531 0.502171 5.9927 1.57581 6.44286 0 15.7811 19.1403 0.31195 0 0
5000.00 1513.15 15.751994 37.661725 -197097.467667 4.849168 18.782465 cpx Na0.02Ca0.73Fe''0.21Mg0.87Fe'''0.04Ti0.01Al0.26Si1.85O6 50.2174 0.531864 5.94494 1.60143 6.86949 0 15.8572 18.6569 0.320774 0 0
5000.00 1508.15 18.929195 45.217188 -236089.982744 5.817728 22.561686 cpx Na0.02Ca0.72Fe''0.23Mg0.87Fe'''0.05Ti0.02Al0.26Si1.85O6 50.1716 0.561804 5.90202 1.62938 7.32082 0 15.9216 18.1638 0.328924 0 0
5000.00 1503.15 21.851227 52.145030 -271607.845096 6.704209 26.030192 cpx Na0.02Ca0.70Fe''0.24Mg0.88Fe'''0.05Ti0.02Al0.25Si1.85O6 50.1135 0.592743 5.86508 1.66043 7.7884 0 15.9653 17.678 0.336552 0 0
5000.00 1498.15 24.543013 58.502459 -303995.132597 7.516561 29.215730 cpx Na0.02Ca0.68Fe''0.25Mg0.88Fe'''0.05Ti0.02Al0.25Si1.84O6 50.0416 0.625464 5.83529 1.69509 8.26083 0 15.9802 17.2177 0.343877 0 0
5000.00 1493.15 27.022691 64.330802 -333521.401745 8.260742 32.138398 cpx Na0.03Ca0.66Fe''0.27Mg0.88Fe'''0.05Ti0.02Al0.25Si1.84O6 49.9553 0.660586 5.81346 1.73346 8.72701 0 15.9622 16.7968 0.351134 0 0
5000.00 1488.15 29.308042 69.671631 -360453.767097 8.942641 34.818667 cpx Na0.03Ca0.65Fe''0.28Mg0.88Fe'''0.05Ti0.02Al0.25Si1.84O6 49.8558 0.698461 5.79979 1.77534 9.17878 0 15.9111 16.4222 0.35851 0 0
5000.00 1483.15 31.418408 74.571441 -385073.714160 9.568605 37.279648 cpx Na0.03Ca0.64Fe''0.30Mg0.87Fe'''0.05Ti0.02Al0.25Si1.84O6 49.7444 0.739187 5.79397 1.82028 9.61169 0 15.83 16.0943 0.366117 0 0
5000.00 1478.15 33.373722 79.078997 -407662.184218 10.145110 39.545703 cpx Na0.03Ca0.63Fe''0.31Mg0.87Fe'''0.05Ti0.02Al0.25Si1.84O6 49.6232 0.782675 5.79536 1.86779 10.0242 0 15.7237 15.8091 0.374005 0 0
5000.00 1473.15 33.724168 79.719271 -411013.627140 10.234421 39.875559 cpx Na0.03Ca0.63Fe''0.32Mg0.85Fe'''0.05Ti0.02Al0.26Si1.84O6 49.4366 0.854259 5.84466 1.9385 10.233 0 15.4427 15.8622 0.388109 0 0
5000.00 1468.15 33.561563 79.127133 -408297.009935 10.168699 39.588443 cpx Na0.03Ca0.64Fe''0.32Mg0.84Fe'''0.06Ti0.03Al0.26Si1.83O6 49.2211 0.941593 5.91528 2.01943 10.3589 0 15.1042 16.0347 0.404743 0 0
5000.00 1463.15 33.445133 78.645451 -406184.379940 10.117171 39.357146 cpx Na0.03Ca0.65Fe''0.33Mg0.82Fe'''0.06Ti0.03Al0.26Si1.83O6 48.9969 1.03633 5.99229 2.10301 10.4701 0 14.768 16.2117 0.421712 0 0
5000.00 1458.15 33.372528 78.268016 -404643.351491 10.079038 39.178637 cpx Na0.03Ca0.66Fe''0.33Mg0.80Fe'''0.06Ti0.03Al0.27Si1.82O6 48.7635 1.13886 6.07627 2.18931 10.5668 0 14.4344 16.3919 0.438966 0 0
5000.00 1453.15 33.341405 77.988642 -403643.279167 10.053500 39.049875 cpx Na0.03Ca0.66Fe''0.33Mg0.79Fe'''0.06Ti0.04Al0.27Si1.81O6 48.5193 1.2498 6.16861 2.27861 10.6488 0 14.1038 16.5747 0.456436 0 0
5000.00 1448.15 33.350563 77.803733 -403169.879899 10.040072 38.969039 cpx Na0.03Ca0.67Fe''0.34Mg0.77Fe'''0.07Ti0.04Al0.28Si1.81O6 48.2611 1.37046 6.27253 2.37163 10.7143 0 13.7752 16.7606 0.47406 0 0
5000.00 1443.15 33.399778 77.711727 -403223.905722 10.038503 38.935199 cpx Na0.04Ca0.68Fe''0.34Mg0.75Fe'''0.07Ti0.04Al0.28Si1.80O6 47.9825 1.50374 6.39381 2.46983 10.7601 0 13.4464 16.9518 0.491799 0 0
5000.00 1438.15 33.486941 77.706427 -403783.950853 10.047936 38.945087 cpx Na0.04Ca0.69Fe''0.34Mg0.73Fe'''0.07Ti0.05Al0.29Si1.79O6 47.6759 1.65376 6.53854 2.57474 10.782 0 13.1144 17.1511 0.509643 0 0
5000.00 1433.15 33.609495 77.779336 -404808.670740 10.067128 38.993809 cpx Na0.04Ca0.70Fe''0.34Mg0.72Fe'''0.08Ti0.05Al0.30Si1.78O6 47.3299 1.82795 6.71178 2.68867 10.7779 0 12.773 17.363 0.527772 0 0
5000.00 1428.15 33.763894 77.919320 -406235.132899 10.094489 39.075212 cpx Na0.04Ca0.71Fe''0.34Mg0.70Fe'''0.08Ti0.06Al0.31Si1.77O6 46.9351 2.03402 6.91506 2.81326 10.7493 0 12.4165 17.5905 0.546324 0 0
5000.00 1423.15 33.937294 78.099257 -407917.404539 10.126844 39.177797 cpx Na0.04Ca0.72Fe''0.34Mg0.68Fe'''0.08Ti0.06Al0.32Si1.76O6 46.5141 2.26035 7.13396 2.9416 10.7045 0 12.061 17.82 0.564539 0 0
5000.00 1418.15 34.125860 78.311695 -409810.123963 10.163420 39.298932 cpx Na0.04Ca0.73Fe''0.34Mg0.66Fe'''0.09Ti0.07Al0.33Si1.74O6 46.0807 2.4992 7.35978 3.06964 10.6498 0 11.7152 18.0437 0.582025 0 0
5000.00 1413.15 34.324957 78.548834 -411869.720081 10.203519 39.436144 cpx Na0.04Ca0.74Fe''0.34Mg0.64Fe'''0.09Ti0.08Al0.34Si1.73O6 45.6552 2.73792 7.5822 3.19214 10.5912 0 11.3904 18.2526 0.598384 0 0
5000.00 1408.15 34.527970 78.799181 -414036.253383 10.246031 39.585061 cpx Na0.05Ca0.75Fe''0.33Mg0.63Fe'''0.09Ti0.08Al0.35Si1.72O6 45.2608 2.96131 7.7906 3.3036 10.5335 0 11.0986 18.4382 0.61333 0 0
5000.00 1403.15 34.727028 79.047748 -416232.655089 10.289334 39.738982 cpx Na0.05Ca0.76Fe''0.33Mg0.61Fe'''0.10Ti0.09Al0.36Si1.71O6 44.9158 3.15697 7.97704 3.40004 10.4795 0 10.8478 18.5961 0.626771 0 0
5000.00 1398.15 34.949235 79.265262 -418083.893452 10.324754 39.857329 cpx Na0.05Ca0.77Fe''0.33Mg0.59Fe'''0.10Ti0.10Al0.37Si1.69O6 44.2838 3.57075 8.213 3.52035 10.4913 0 10.4028 18.8854 0.632599 0 0
5000.00 1393.15 36.075176 81.910030 -433491.743667 10.750787 41.444564 cpx Na0.04Ca0.74Fe''0.36Mg0.67Fe'''0.07Ti0.06Al0.28Si1.78O6 47.0268 2.17428 6.34657 2.4853 11.3931 0 11.8621 18.2121 0.499663 0 0
5000.00 1388.15 35.949648 81.459307 -432391.581705 10.710719 41.274856 cpx Na0.04Ca0.74Fe''0.36Mg0.67Fe'''0.07Ti0.06Al0.29Si1.78O6 46.9701 2.21436 6.39612 2.48347 11.3219 0 11.8075 18.3022 0.504302 0 0
5000.00 1383.15 35.830927 81.024692 -431366.929117 10.672615 41.113001 cpx Na0.04Ca0.75Fe''0.36Mg0.66Fe'''0.07Ti0.06Al0.29Si1.78O6 46.9117 2.2556 6.44683 2.48183 11.2513 0 11.7526 18.3911 0.508982 0 0
5000.00 1378.15 35.718648 80.605250 -430413.612421 10.636362 40.958552 cpx Na0.04Ca0.75Fe''0.35Mg0.66Fe'''0.07Ti0.07Al0.29Si1.77O6 46.8514 2.29804 6.49877 2.48042 11.1814 0 11.6974 18.4789 0.513706 0 0
5000.00 1373.15 35.612487 80.200146 -429527.950818 10.601861 40.811112 cpx Na0.04Ca0.75Fe''0.35Mg0.66Fe'''0.07Ti0.07Al0.29Si1.77O6 46.7891 2.34175 6.55199 2.47924 11.1121 0 11.6419 18.5655 0.518477 0 0
5000.00 1368.15 35.512158 79.808643 -428706.708411 10.569022 40.670333 cpx Na0.04Ca0.76Fe''0.35Mg0.65Fe'''0.07Ti0.07Al0.29Si1.77O6 46.7247 2.38679 6.60656 2.47833 11.0433 0 11.586 18.6511 0.523297 0 0
5000.00 1363.15 35.417413 79.430089 -427947.053806 10.537767 40.535906 cpx Na0.04Ca0.76Fe''0.35Mg0.65Fe'''0.07Ti0.07Al0.30Si1.77O6 46.6581 2.43321 6.66254 2.47771 10.975 0 11.5296 18.7356 0.528168 0 0
5000.00 1358.15 35.328036 79.063910 -427246.525806 10.508029 40.407563 cpx Na0.04Ca0.76Fe''0.35Mg0.65Fe'''0.07Ti0.07Al0.30Si1.76O6 46.5893 2.48106 6.72 2.47738 10.9073 0 11.4727 18.8192 0.533093 0 0
5000.00 1353.15 35.243841 78.709603 -426603.004021 10.479748 40.285070 cpx Na0.04Ca0.77Fe''0.34Mg0.64Fe'''0.07Ti0.07Al0.30Si1.76O6 46.5181 2.5304 6.77899 2.47738 10.8401 0 11.4153 18.9017 0.538074 0 0
5000.00 1348.15 35.164668 78.366731 -426014.683339 10.452873 40.168227 cpx Na0.04Ca0.77Fe''0.34Mg0.64Fe'''0.07Ti0.07Al0.31Si1.76O6 46.4445 2.58127 6.83956 2.47773 10.7733 0 11.3572 18.9834 0.543113 0 0
5000.00 1343.15 35.090384 78.034917 -425480.051210 10.427362 40.056865 cpx Na0.04Ca0.77Fe''0.34Mg0.64Fe'''0.07Ti0.07Al0.31Si1.76O6 46.3683 2.63372 6.90177 2.47842 10.7071 0 11.2985 19.064 0.54821 0 0
5000.00 1338.15 35.020880 77.713841 -424997.866689 10.403178 39.950843 cpx Na0.04Ca0.78Fe''0.34Mg0.63Fe'''0.07Ti0.08Al0.31Si1.75O6 46.2895 2.68778 6.96567 2.4795 10.6413 0 11.2391 19.1438 0.553366 0 0
5000.00 1333.15 34.956066 77.403233 -424567.140164 10.380292 39.850046 cpx Na0.04Ca0.78Fe''0.33Mg0.63Fe'''0.07Ti0.08Al0.31Si1.75O6 46.2081 2.74346 7.03128 2.48095 10.576 0 11.179 19.2226 0.558583 0 0
5000.00 1328.15 34.748858 76.782308 -422355.881795 10.315738 39.589103 cpx Na0.04Ca0.78Fe''0.33Mg0.63Fe'''0.07Ti0.08Al0.32Si1.75O6 46.156 2.77514 7.08075 2.48193 10.5318 0 11.1273 19.2831 0.563989 0 0
5000.00 1323.15 34.107206 75.218180 -414722.248213 10.124434 38.840625 cpx Na0.04Ca0.78Fe''0.33Mg0.63Fe'''0.07Ti0.08Al0.32Si1.75O6 46.2039 2.72656 7.0749 2.48009 10.5516 0 11.1044 19.2887 0.569875 0 0
5000.00 1318.15 33.511502 73.760272 -407648.411196 9.946835 38.145198 cpx Na0.04Ca0.78Fe''0.33Mg0.63Fe'''0.07Ti0.08Al0.32Si1.75O6 46.2512 2.67863 7.07004 2.47783 10.5698 0 11.0821 19.2946 0.575834 0 0
5000.00 1313.15 32.959010 72.401994 -401101.386996 9.782126 37.499635 cpx Na0.04Ca0.78Fe''0.34Mg0.62Fe'''0.07Ti0.07Al0.32Si1.75O6 46.2982 2.63132 7.06611 2.47513 10.5862 0 11.0602 19.301 0.581862 0 0
5000.00 1308.15 32.447149 71.137144 -395050.085716 9.629537 36.900932 cpx Na0.04Ca0.78Fe''0.34Mg0.62Fe'''0.07Ti0.07Al0.32Si1.76O6 46.3447 2.58463 7.06309 2.47197 10.601 0 11.0389 19.3077 0.587954 0 0
5000.00 1303.15 31.973483 69.959876 -389465.182929 9.488342 36.346255 cpx Na0.04Ca0.78Fe''0.34Mg0.62Fe'''0.07Ti0.07Al0.32Si1.76O6 46.391 2.53855 7.06091 2.46832 10.6141 0 11.0182 19.3149 0.594104 0 0
5000.00 1298.15 31.535704 68.864662 -384318.869606 9.357853 35.832919 cpx Na0.04Ca0.78Fe''0.34Mg0.62Fe'''0.07Ti0.07Al0.32Si1.76O6 46.4369 2.49305 7.05953 2.46417 10.6256 0 10.998 19.3224 0.600306 0 0
5000.00 1293.15 31.131616 67.846256 -379584.699645 9.237415 35.358374 cpx Na0.04Ca0.78Fe''0.34Mg0.62Fe'''0.07Ti0.07Al0.32Si1.76O6 46.4825 2.44814 7.05891 2.45949 10.6355 0 10.9784 19.3304 0.606555 0 0
5000.00 1288.15 30.759131 66.899685 -375237.529703 9.126407 34.920194 cpx Na0.04Ca0.78Fe''0.34Mg0.62Fe'''0.07Ti0.07Al0.31Si1.76O6 46.5279 2.40381 7.059 2.45428 10.6438 0 10.9595 19.3389 0.612848 0 0
5000.00 1283.15 30.416263 66.020227 -371253.426521 9.024235 34.516073 cpx Na0.05Ca0.78Fe''0.34Mg0.62Fe'''0.07Ti0.07Al0.31Si1.76O6 46.5731 2.36005 7.05977 2.44851 10.6506 0 10.9411 19.3477 0.619179 0 0
5000.00 1278.15 30.101119 65.203400 -367609.590039 8.930335 34.143818 cpx Na0.05Ca0.79Fe''0.34Mg0.62Fe'''0.07Ti0.07Al0.32Si1.76O6 46.6181 2.31685 7.06117 2.44218 10.6558 0 10.9233 19.357 0.625547 0 0
5000.00 1273.15 29.811897 64.444943 -364284.290191 8.844172 33.801338 cpx Na0.05Ca0.79Fe''0.34Mg0.62Fe'''0.07Ti0.06Al0.32Si1.77O6 46.663 2.27422 7.06317 2.43528 10.6596 0 10.9061 19.3667 0.631945 0 0
5000.00 1268.15 29.546879 63.740812 -361256.815533 8.765232 33.486644 cpx Na0.05Ca0.79Fe''0.34Mg0.61Fe'''0.07Ti0.06Al0.32Si1.77O6 46.7077 2.23215 7.06572 2.42779 10.6619 0 10.8895 19.3769 0.638372 0 0
5000.00 1263.15 29.304428 63.087164 -358507.431956 8.693029 33.197844 cpx Na0.05Ca0.79Fe''0.34Mg0.61Fe'''0.07Ti0.06Al0.32Si1.77O6 46.7522 2.19063 7.0688 2.41972 10.6628 0 10.8736 19.3875 0.644825 0 0
5000.00 1258.15 29.082987 62.480355 -356017.349866 8.627099 32.933136 cpx Na0.05Ca0.79Fe''0.34Mg0.61Fe'''0.07Ti0.06Al0.32Si1.77O6 46.7966 2.14967 7.07238 2.41106 10.6622 0 10.8582 19.3986 0.651299 0 0
5000.00 1253.15 28.881077 61.916934 -353768.698213 8.567001 32.690810 cpx Na0.05Ca0.79Fe''0.34Mg0.61Fe'''0.07Ti0.06Al0.32Si1.77O6 46.8409 2.10925 7.07641 2.40181 10.6603 0 10.8435 19.41 0.657794 0 0
5000.00 1248.15 28.697293 61.393632 -351744.503813 8.512316 32.469244 cpx Na0.05Ca0.79Fe''0.34Mg0.61Fe'''0.07Ti0.06Al0.32Si1.77O6 46.8851 2.06938 7.08088 2.39196 10.657 0 10.8293 19.422 0.664306 0 0
5000.00 1243.15 28.530304 60.907366 -349928.674435 8.462649 32.266903 cpx Na0.05Ca0.79Fe''0.34Mg0.61Fe'''0.07Ti0.06Al0.32Si1.78O6 46.9292 2.03006 7.08575 2.38153 10.6525 0 10.8158 19.4344 0.670834 0 0
5000.00 1238.15 28.378851 60.455227 -348305.984198 8.417625 32.082336 cpx Na0.05Ca0.79Fe''0.34Mg0.61Fe'''0.07Ti0.06Al0.32Si1.78O6 46.9733 1.99128 7.091 2.37051 10.6466 0 10.8028 19.4472 0.677376 0 0
5000.00 1233.15 28.241747 60.034480 -346862.059927 8.376890 31.914174 cpx Na0.05Ca0.79Fe''0.34Mg0.61Fe'''0.07Ti0.06Al0.32Si1.78O6 47.0172 1.95304 7.09662 2.35892 10.6394 0 10.7905 19.4604 0.683932 0 0
5000.00 1228.15 28.117875 59.642560 -345583.367274 8.340112 31.761132 cpx Na0.05Ca0.79Fe''0.34Mg0.61Fe'''0.07Ti0.05Al0.32Si1.78O6 47.0611 1.91534 7.10257 2.34675 10.631 0 10.7787 19.4741 0.6905 0 0
5000.00 1223.15 28.006187 59.277066 -344457.195607 8.306979 31.622002 cpx Na0.05Ca0.79Fe''0.34Mg0.61Fe'''0.07Ti0.05Al0.32Si1.78O6 47.1049 1.87817 7.10884 2.33402 10.6214 0 10.7674 19.4882 0.69708 0 0
5000.00 1218.15 27.905701 58.935760 -343471.640895 8.277198 31.495658 cpx Na0.05Ca0.79Fe''0.34Mg0.61Fe'''0.07Ti0.05Al0.32Si1.78O6 47.1486 1.84153 7.11541 2.32074 10.6105 0 10.7568 19.5027 0.703672 0 0
