Title: MORB_Gale2013-4

Liquid Composition:
Pressure Temperature mass SiO2 TiO2 Al2O3 Fe2O3 FeO MnO MgO CaO Na2O K2O P2O5 
5000.00 1573.15 100.139856 50.7207 1.54961 15.1102 1.39396 8.6287 0.162117 7.71798 11.4542 2.96044 0.128381 0.173741
5000.00 1568.15 100.140003 50.7207 1.5496 15.1101 1.39542 8.62736 0.162117 7.71797 11.4542 2.96044 0.128381 0.173741
5000.00 1563.15 100.140155 50.7206 1.5496 15.1101 1.39694 8.62598 0.162117 7.71796 11.4541 2.96043 0.128381 0.173741
5000.00 1558.15 100.140313 50.7205 1.5496 15.1101 1.39851 8.62456 0.162116 7.71795 11.4541 2.96043 0.128381 0.173741
5000.00 1553.15 100.140476 50.7204 1.5496 15.1101 1.40013 8.62308 0.162116 7.71794 11.4541 2.96042 0.128381 0.17374
5000.00 1548.15 100.140645 50.7203 1.54959 15.11 1.40181 8.62155 0.162116 7.71792 11.4541 2.96042 0.12838 0.17374
5000.00 1543.15 100.140819 50.7203 1.54959 15.11 1.40354 8.61998 0.162116 7.71791 11.4541 2.96041 0.12838 0.17374
5000.00 1538.15 98.499030 50.7029 1.57036 15.2847 1.40705 8.65921 0.164818 7.54488 11.3534 3.00552 0.13052 0.176636
5000.00 1533.15 95.503236 50.681 1.60855 15.6079 1.41112 8.73048 0.169988 7.22937 11.1536 3.09118 0.134614 0.182176
5000.00 1528.15 92.638709 50.6728 1.64524 15.9223 1.41388 8.79441 0.175244 6.92653 10.9456 3.17744 0.138777 0.18781
5000.00 1523.15 89.896453 50.6785 1.68027 16.2279 1.41533 8.84969 0.18059 6.63485 10.732 3.26431 0.14301 0.193539
5000.00 1518.15 87.267571 50.6983 1.71349 16.5249 1.41546 8.89537 0.18603 6.35336 10.5146 3.35185 0.147318 0.199369
5000.00 1513.15 81.593697 50.6909 1.80963 16.5095 1.45026 9.17823 0.198966 6.1246 10.21 3.45803 0.156684 0.213233
5000.00 1508.15 74.206792 50.6214 1.96168 16.2665 1.51152 9.634 0.218772 5.91833 9.89579 3.56719 0.170349 0.234459
5000.00 1503.15 67.326881 50.5027 2.13001 15.9966 1.57585 10.1019 0.241128 5.70989 9.63565 3.66269 0.185146 0.258417
5000.00 1498.15 61.011818 50.3334 2.31323 15.7078 1.64229 10.5801 0.266086 5.50832 9.42057 3.74218 0.200878 0.285165
5000.00 1493.15 55.231853 50.1123 2.51074 15.4019 1.71075 11.0695 0.293932 5.31656 9.24725 3.80461 0.217454 0.315007
5000.00 1488.15 49.934835 49.8395 2.72127 15.0798 1.78135 11.5722 0.325111 5.13515 9.1127 3.84973 0.234811 0.348423
5000.00 1483.15 45.131822 49.5131 2.94402 14.7565 1.85232 12.0873 0.35971 4.97322 9.00012 3.87556 0.252633 0.385503
5000.00 1478.15 40.743672 49.1277 3.1808 14.4299 1.92406 12.6193 0.398452 4.83029 8.91041 3.88124 0.270853 0.427022
5000.00 1473.15 36.705295 48.6755 3.43412 14.0969 1.99711 13.1738 0.44229 4.70638 8.8453 3.86525 0.28936 0.474003
5000.00 1468.15 32.964951 48.1456 3.7072 13.7533 2.07215 13.7586 0.492474 4.6022 8.80746 3.82527 0.307955 0.527786
5000.00 1463.15 29.480023 47.5225 4.00464 13.3931 2.15014 14.3843 0.550691 4.51938 8.80103 3.75781 0.326297 0.590177
5000.00 1458.15 26.214135 46.7826 4.33342 13.007 2.23247 15.0669 0.619299 4.46097 8.83231 3.65748 0.343816 0.663704
5000.00 1453.15 23.135251 45.8894 4.70482 12.5804 2.32129 15.8316 0.701716 4.43233 8.91103 3.5159 0.359524 0.752031
5000.00 1448.15 20.214830 44.7839 5.1377 12.0892 2.41997 16.7191 0.803093 4.44257 9.05217 3.31987 0.371683 0.860677
5000.00 1443.15 17.367720 43.4281 5.66839 11.5165 2.53109 17.8137 0.934745 4.49661 9.22284 3.05849 0.378068 0.951493
5000.00 1438.15 14.653156 41.8 6.31329 10.8493 2.65256 19.1404 1.10791 4.59717 9.41506 2.72924 0.375045 1.02001
5000.00 1433.15 12.292551 40.0944 6.99158 10.1605 2.76687 20.4879 1.32067 4.71158 9.61655 2.38532 0.363133 1.10152
5000.00 1428.15 10.359037 38.672 7.57386 9.59631 2.85171 21.5719 1.56717 4.7803 9.74944 2.10753 0.35024 1.17958
5000.00 1423.15 8.748651 37.58 8.02896 9.17823 2.9074 22.3484 1.85564 4.79725 9.81288 1.90028 0.340147 1.25078
5000.00 1418.15 7.368127 36.7229 8.37862 8.86943 2.94141 22.8799 2.20333 4.78001 9.83345 1.73847 0.33241 1.32013
5000.00 1413.15 6.183764 36.0199 8.64497 8.64006 2.95876 23.2139 2.62532 4.74361 9.83114 1.60324 0.325927 1.39314
5000.00 1408.15 5.189347 35.4173 8.84596 8.47132 2.96258 23.3801 3.12841 4.69797 9.81864 1.48363 0.319912 1.47416
5000.00 1403.15 4.377069 34.88 8.99733 8.35001 2.95533 23.4016 3.70896 4.64874 9.80402 1.37381 0.31398 1.56622
5000.00 1398.15 2.868449 34.3685 9.83816 8.17402 2.91591 22.7865 4.18224 4.45503 10.1182 1.12812 0.32468 1.70865
5000.00 1393.15 1.610547 34.7833 11.6547 8.66105 2.52413 17.7722 6.01678 4.04024 11.3391 0.635283 0.384913 2.1883
5000.00 1388.15 1.107278 34.4325 12.4683 8.57975 2.46216 16.9479 6.37346 3.8696 11.5968 0.524714 0.397042 2.34772
5000.00 1383.15 0.000000 ---
5000.00 1378.15 0.000000 ---
5000.00 1373.15 0.000000 ---
5000.00 1368.15 0.000000 ---
5000.00 1363.15 0.000000 ---
5000.00 1358.15 0.000000 ---
5000.00 1353.15 0.000000 ---
5000.00 1348.15 0.000000 ---
5000.00 1343.15 0.000000 ---
5000.00 1338.15 0.000000 ---
5000.00 1333.15 0.000000 ---
5000.00 1328.15 0.000000 ---
5000.00 1323.15 0.000000 ---
5000.00 1318.15 0.000000 ---
5000.00 1313.15 0.000000 ---
5000.00 1308.15 0.000000 ---
5000.00 1303.15 0.000000 ---
5000.00 1298.15 0.000000 ---
5000.00 1293.15 0.000000 ---
5000.00 1288.15 0.000000 ---
5000.00 1283.15 0.000000 ---
5000.00 1278.15 0.000000 ---
5000.00 1273.15 0.000000 ---
5000.00 1268.15 0.000000 ---
5000.00 1263.15 0.000000 ---
5000.00 1258.15 0.000000 ---
5000.00 1253.15 0.000000 ---
5000.00 1248.15 0.000000 ---
5000.00 1243.15 0.000000 ---
5000.00 1238.15 0.000000 ---
5000.00 1233.15 0.000000 ---
5000.00 1228.15 0.000000 ---
5000.00 1223.15 0.000000 ---
5000.00 1218.15 0.000000 ---
5000.00 1213.15 0.401141 1.9697 0.164651 0.0189297 0.0319156 0.0211945 1.04739 1.92247 51.4356 0.000138512 0.0157339 43.3723
5000.00 1208.15 0.400826 1.9451 0.156862 0.0185116 0.0310034 0.0204168 1.02408 1.90724 51.4747 0.000128589 0.0154362 43.4065
5000.00 1203.15 0.400519 1.92113 0.149435 0.0181049 0.0301284 0.019674 1.00142 1.89229 51.5128 0.000119324 0.0151444 43.4397
5000.00 1198.15 0.400221 1.89776 0.142353 0.0177091 0.029289 0.0189641 0.979373 1.87764 51.5499 0.000110677 0.0148581 43.472
5000.00 1193.15 0.399932 1.87499 0.135598 0.0173236 0.0284833 0.0182855 0.957934 1.86327 51.586 0.000102608 0.0145771 43.5034
5000.00 1188.15 0.399652 1.85278 0.129154 0.0169481 0.02771 0.0176365 0.937079 1.84918 51.6211 9.50817e-005 0.0143014 43.534
5000.00 1183.15 0.399379 1.83114 0.123006 0.016582 0.0269675 0.0170157 0.91679 1.83537 51.6553 8.80641e-005 0.0140307 43.5637
5000.00 1178.15 0.399114 1.81004 0.117141 0.0162249 0.0262545 0.0164216 0.89705 1.82184 51.6886 8.15231e-005 0.0137649 43.5926
5000.00 1173.15 0.398857 1.78946 0.111545 0.0158766 0.0255697 0.015853 0.877841 1.80857 51.7209 7.54289e-005 0.0135038 43.6208
5000.00 1168.15 0.398606 1.76941 0.106204 0.0155366 0.0249119 0.0153085 0.859149 1.79558 51.7524 6.97531e-005 0.0132472 43.6481
5000.00 1163.15 0.398363 1.74985 0.101108 0.0152045 0.02428 0.0147871 0.840958 1.78285 51.7831 6.44694e-005 0.0129951 43.6748
5000.00 1158.15 0.398127 1.73079 0.0962453 0.0148802 0.0236729 0.0142876 0.823253 1.77038 51.813 5.95529e-005 0.0127474 43.7007
5000.00 1153.15 0.397898 1.71221 0.0916042 0.0145632 0.0230895 0.0138089 0.806019 1.75818 51.8421 5.498e-005 0.0125038 43.7259
5000.00 1148.15 0.397675 1.69409 0.0871751 0.0142533 0.022529 0.0133501 0.789243 1.74624 51.8704 5.07288e-005 0.0122643 43.7504
5000.00 1143.15 0.397458 1.67644 0.0829482 0.0139503 0.0219903 0.0129103 0.772913 1.73455 51.8979 4.67786e-005 0.0120289 43.7743
5000.00 1138.15 0.397247 1.65923 0.0789142 0.0136539 0.0214728 0.0124887 0.757014 1.72312 51.9248 4.31098e-005 0.0117973 43.7975
5000.00 1133.15 0.397042 1.64247 0.0750646 0.0133639 0.0209754 0.0120842 0.741536 1.71195 51.9509 3.97043e-005 0.0115695 43.8201
5000.00 1128.15 0.396843 1.62613 0.071391 0.01308 0.0204976 0.0116963 0.726465 1.70104 51.9763 3.65447e-005 0.0113454 43.8421
5000.00 1123.15 0.396650 1.61022 0.0678855 0.0128021 0.0200385 0.0113242 0.711792 1.69037 52.001 3.3615e-005 0.0111249 43.8634
5000.00 1118.15 0.396462 1.59472 0.0645406 0.0125299 0.0195975 0.0109672 0.697504 1.67996 52.025 3.08998e-005 0.010908 43.8842
5000.00 1113.15 0.396280 1.57963 0.0613491 0.0122633 0.019174 0.0106245 0.683591 1.6698 52.0484 2.8385e-005 0.0106945 43.9044
5000.00 1108.15 0.396102 1.56494 0.0583043 0.0120021 0.0187672 0.0102957 0.670042 1.65989 52.0712 2.6057e-005 0.0104844 43.9241
5000.00 1103.15 0.395930 1.55064 0.0553995 0.0117462 0.0183767 0.00997999 0.656849 1.65023 52.0933 2.39033e-005 0.0102776 43.9432
5000.00 1098.15 0.395763 1.53673 0.0526287 0.0114953 0.0180018 0.00967695 0.644 1.64082 52.1148 2.19121e-005 0.0100741 43.9617
5000.00 1093.15 0.395601 1.52319 0.049986 0.0112493 0.0176421 0.009386 0.631488 1.63165 52.1357 2.00722e-005 0.00987374 43.9798
5000.00 1088.15 0.395443 1.51003 0.0474656 0.0110081 0.0172971 0.00910665 0.619302 1.62274 52.1561 1.83733e-005 0.0096765 43.9973
5000.00 1083.15 0.395290 1.49723 0.0450622 0.0107716 0.0169663 0.00883839 0.607435 1.61407 52.1758 1.68055e-005 0.00948232 44.0143
5000.00 1078.15 0.395142 1.4848 0.0427708 0.0105396 0.0166492 0.00858078 0.595877 1.60565 52.195 1.53597e-005 0.00929114 44.0308
5000.00 1073.15 0.394998 1.47273 0.0405863 0.0103119 0.0163455 0.00833338 0.584621 1.59748 52.2136 1.40272e-005 0.0091029 44.0469
5000.00 1068.15 0.394859 1.46101 0.0385041 0.0100886 0.0160547 0.00809577 0.573658 1.58956 52.2317 1.28002e-005 0.00891755 44.0624
5000.00 1063.15 0.394724 1.44963 0.0365197 0.00986939 0.0157765 0.00786756 0.562981 1.58189 52.2492 1.16709e-005 0.00873504 44.0775
5000.00 1058.15 0.394593 1.4386 0.0346288 0.00965425 0.0155105 0.00764837 0.552583 1.57446 52.2662 1.06325e-005 0.00855531 44.0921
5000.00 1053.15 0.394466 1.4279 0.0328273 0.00944306 0.0152565 0.00743785 0.542455 1.56729 52.2827 9.67815e-006 0.00837832 44.1063
5000.00 1048.15 0.394343 1.41754 0.0311113 0.00923573 0.015014 0.00723564 0.532591 1.56037 52.2987 8.80186e-006 0.00820403 44.12
5000.00 1043.15 0.394224 1.40752 0.0294771 0.00903216 0.0147828 0.00704143 0.522984 1.55369 52.3141 7.99781e-006 0.00803238 44.1333
5000.00 1038.15 0.394110 1.39782 0.027921 0.00883226 0.0145626 0.00685491 0.513626 1.54727 52.3291 7.26063e-006 0.00786333 44.1462
5000.00 1033.15 0.393999 1.38844 0.0264397 0.00863594 0.0143532 0.00667578 0.504512 1.5411 52.3435 6.58528e-006 0.00769685 44.1586