Title: MORB_Gale2013-4

Phase Masses:
Pressure Temperature mass liquid_0 olivine_0 clinopyroxene_0 clinopyroxene_1 clinopyroxene_2 feldspar_0 spinel_0 rhm-oxide_0 whitlockite 
5000.00 1573.15 100.139856 100.139856 0.000000 0.000000 0.000000 0.000000 0.000000 0.000000 0.000000 0.000000 
5000.00 1568.15 100.140003 100.140003 0.000000 0.000000 0.000000 0.000000 0.000000 0.000000 0.000000 0.000000 
5000.00 1563.15 100.140155 100.140155 0.000000 0.000000 0.000000 0.000000 0.000000 0.000000 0.000000 0.000000 
5000.00 1558.15 100.140313 100.140313 0.000000 0.000000 0.000000 0.000000 0.000000 0.000000 0.000000 0.000000 
5000.00 1553.15 100.140476 100.140476 0.000000 0.000000 0.000000 0.000000 0.000000 0.000000 0.000000 0.000000 
5000.00 1548.15 100.140645 100.140645 0.000000 0.000000 0.000000 0.000000 0.000000 0.000000 0.000000 0.000000 
5000.00 1543.15 100.140819 100.140819 0.000000 0.000000 0.000000 0.000000 0.000000 0.000000 0.000000 0.000000 
5000.00 1538.15 100.140744 98.499030 0.000000 1.641714 0.000000 0.000000 0.000000 0.000000 0.000000 0.000000 
5000.00 1533.15 100.140609 95.503236 0.000000 4.637373 0.000000 0.000000 0.000000 0.000000 0.000000 0.000000 
5000.00 1528.15 100.140671 92.638709 0.000000 7.501962 0.000000 0.000000 0.000000 0.000000 0.000000 0.000000 
5000.00 1523.15 100.140913 89.896453 0.000000 10.244460 0.000000 0.000000 0.000000 0.000000 0.000000 0.000000 
5000.00 1518.15 100.141321 87.267571 0.000000 12.873750 0.000000 0.000000 0.000000 0.000000 0.000000 0.000000 
5000.00 1513.15 100.141027 81.593697 0.000000 16.090119 0.000000 0.000000 2.457210 0.000000 0.000000 0.000000 
5000.00 1508.15 100.140031 74.206792 0.000000 19.487774 0.000000 0.000000 6.445464 0.000000 0.000000 0.000000 
5000.00 1503.15 100.138940 67.326881 0.000000 22.566067 0.000000 0.000000 10.245991 0.000000 0.000000 0.000000 
5000.00 1498.15 100.137861 61.011818 0.000000 25.336815 0.000000 0.000000 13.789228 0.000000 0.000000 0.000000 
5000.00 1493.15 100.136886 55.231853 0.000000 27.184621 0.651418 0.000000 17.068994 0.000000 0.000000 0.000000 
5000.00 1488.15 100.136104 49.934835 0.000000 27.333090 2.774039 0.000000 20.094140 0.000000 0.000000 0.000000 
5000.00 1483.15 100.135481 45.131822 0.000000 27.479140 4.696576 0.000000 22.827943 0.000000 0.000000 0.000000 
5000.00 1478.15 100.135011 40.743672 0.000000 27.633048 6.445968 0.000000 25.312323 0.000000 0.000000 0.000000 
5000.00 1473.15 100.134691 36.705295 0.000000 27.799369 8.047285 0.000000 27.582742 0.000000 0.000000 0.000000 
5000.00 1468.15 100.134513 32.964951 0.000000 27.979346 9.522249 0.000000 29.667967 0.000000 0.000000 0.000000 
5000.00 1463.15 100.134471 29.480023 0.000000 28.172172 10.889523 0.000000 31.592752 0.000000 0.000000 0.000000 
5000.00 1458.15 100.134549 26.214135 0.000000 28.375895 12.164625 0.000000 33.379894 0.000000 0.000000 0.000000 
5000.00 1453.15 100.134726 23.135251 0.000000 28.588129 13.359521 0.000000 35.051826 0.000000 0.000000 0.000000 
5000.00 1448.15 100.134969 20.214830 0.000000 28.806777 14.482157 0.000000 36.631206 0.000000 0.000000 0.000000 
5000.00 1443.15 100.135230 17.367720 0.000000 29.041582 15.570862 0.000000 38.135985 0.000000 0.000000 0.019081 
5000.00 1438.15 100.135628 14.653156 0.000000 29.292894 16.632119 0.000000 39.503877 0.000000 0.000000 0.053583 
5000.00 1433.15 100.136518 12.292551 0.000000 29.551289 17.650184 0.000000 40.558190 0.000000 0.000000 0.084304 
5000.00 1428.15 100.138069 10.359037 0.000000 29.806749 18.646933 0.000000 41.212175 0.000000 0.000000 0.113176 
5000.00 1423.15 100.140030 8.748651 0.000000 30.048471 19.623039 0.000000 41.578795 0.000000 0.000000 0.141075 
5000.00 1418.15 100.142089 7.368127 0.000000 30.271431 20.558211 0.000000 41.776679 0.000000 0.000000 0.167641 
5000.00 1413.15 100.144000 6.183764 0.000000 30.472389 21.420181 0.000000 41.875724 0.000000 0.000000 0.191943 
5000.00 1408.15 100.145598 5.189347 0.000000 30.648988 22.178209 0.000000 41.916025 0.000000 0.000000 0.213028 
5000.00 1403.15 100.146807 4.377069 0.000000 30.800724 22.816785 0.000000 41.921839 0.000000 0.000000 0.230389 
5000.00 1398.15 100.144156 2.868449 0.474332 30.862261 23.451007 0.000000 42.215011 0.000000 0.000000 0.273095 
5000.00 1393.15 100.142283 1.610547 0.545273 31.585501 19.945205 0.000000 44.218661 1.933915 0.000000 0.303182 
5000.00 1388.15 100.137915 1.107278 0.730116 31.398903 20.307311 0.000000 44.363099 1.907819 0.000000 0.323390 
5000.00 1383.15 100.134784 0.000000 1.165854 31.814739 20.120600 0.000000 44.634699 1.442351 0.576345 0.380197 
5000.00 1378.15 100.134125 0.000000 1.179826 31.758183 20.263028 0.000000 44.577397 1.398939 0.576554 0.380197 
5000.00 1373.15 100.133438 0.000000 1.194271 31.704157 20.406229 0.000000 44.518388 1.354372 0.575824 0.380197 
5000.00 1368.15 100.132721 0.000000 1.209213 31.652399 20.550816 0.000000 44.457506 1.308556 0.574033 0.380197 
5000.00 1363.15 100.131971 0.000000 1.224679 31.602649 20.697470 0.000000 44.394560 1.261378 0.571038 0.380197 
5000.00 1358.15 100.131186 0.000000 1.240700 31.554635 20.846964 0.000000 44.329316 1.212704 0.566671 0.380197 
5000.00 1353.15 100.130362 0.000000 1.257313 31.508075 21.000197 0.000000 44.261489 1.162366 0.560725 0.380197 
5000.00 1348.15 100.129495 0.000000 1.274560 31.462657 21.158240 0.000000 44.190728 1.110159 0.552953 0.380197 
5000.00 1343.15 100.128580 0.000000 1.292496 31.418034 21.322397 0.000000 44.116592 1.055821 0.543042 0.380197 
5000.00 1338.15 100.126603 0.000000 1.320031 30.692550 21.661948 0.696643 43.947086 0.945916 0.482230 0.380197 
5000.00 1333.15 100.123283 0.000000 1.359041 29.162659 22.206930 2.222873 43.662234 0.770412 0.358937 0.380197 
5000.00 1328.15 100.119840 0.000000 1.398560 27.677613 22.747299 3.712707 43.375182 0.595658 0.232622 0.380197 
5000.00 1323.15 100.116272 0.000000 1.438595 26.234804 23.283062 5.168639 43.085980 0.421728 0.103267 0.380197 
5000.00 1318.15 100.113044 0.000000 1.478597 25.059155 23.724522 6.379212 42.828804 0.262556 0.000000 0.380197 
5000.00 1313.15 100.111378 0.000000 1.517808 24.735147 23.835398 6.790872 42.696052 0.155903 0.000000 0.380197 
5000.00 1308.15 100.109622 0.000000 1.558656 24.445277 23.934553 7.169591 42.568071 0.053278 0.000000 0.380197 
5000.00 1303.15 100.108090 0.000000 1.586879 24.282145 23.965144 7.402540 42.491185 0.000000 0.000000 0.380197 
5000.00 1298.15 100.106897 0.000000 1.599108 24.239689 23.927551 7.491412 42.468938 0.000000 0.000000 0.380197 
5000.00 1293.15 100.105705 0.000000 1.611349 24.201239 23.890792 7.575380 42.446748 0.000000 0.000000 0.380197 
5000.00 1288.15 100.104515 0.000000 1.623595 24.166415 23.854860 7.654838 42.424609 0.000000 0.000000 0.380197 
5000.00 1283.15 100.103327 0.000000 1.635839 24.134881 23.819749 7.730140 42.402520 0.000000 0.000000 0.380197 
5000.00 1278.15 100.102141 0.000000 1.648076 24.106341 23.785454 7.801597 42.380475 0.000000 0.000000 0.380197 
5000.00 1273.15 100.100957 0.000000 1.660299 24.080530 23.751968 7.869491 42.358471 0.000000 0.000000 0.380197 
5000.00 1268.15 100.099776 0.000000 1.672501 24.057214 23.719288 7.934072 42.336502 0.000000 0.000000 0.380197 
5000.00 1263.15 100.098597 0.000000 1.684676 24.036183 23.687408 7.995569 42.314564 0.000000 0.000000 0.380197 
5000.00 1258.15 100.097422 0.000000 1.696816 24.017248 23.656323 8.054186 42.292652 0.000000 0.000000 0.380197 
5000.00 1253.15 100.096249 0.000000 1.708914 24.000241 23.626029 8.110109 42.270759 0.000000 0.000000 0.380197 
5000.00 1248.15 100.095080 0.000000 1.720963 23.985010 23.596524 8.163506 42.248879 0.000000 0.000000 0.380197 
5000.00 1243.15 100.093914 0.000000 1.732955 23.971419 23.567803 8.214532 42.227008 0.000000 0.000000 0.380197 
5000.00 1238.15 100.092752 0.000000 1.744883 23.959345 23.539862 8.263327 42.205137 0.000000 0.000000 0.380197 
5000.00 1233.15 100.091594 0.000000 1.756738 23.948676 23.512701 8.310020 42.183261 0.000000 0.000000 0.380197 
5000.00 1228.15 100.090439 0.000000 1.768512 23.939313 23.486316 8.354729 42.161372 0.000000 0.000000 0.380197 
5000.00 1223.15 100.089289 0.000000 1.780198 23.931165 23.460705 8.397562 42.139462 0.000000 0.000000 0.380197 
5000.00 1218.15 100.088143 0.000000 1.791786 23.924149 23.435867 8.438619 42.117525 0.000000 0.000000 0.380197 
5000.00 1213.15 100.087306 0.401141 1.766611 23.935999 23.430392 8.471476 42.081686 0.000000 0.000000 0.000000 
5000.00 1208.15 100.086159 0.400826 1.778607 23.930357 23.406695 8.509690 42.059985 0.000000 0.000000 0.000000 
5000.00 1203.15 100.085017 0.400519 1.790464 23.925679 23.383774 8.546356 42.038225 0.000000 0.000000 0.000000 
5000.00 1198.15 100.083880 0.400221 1.802175 23.921908 23.361628 8.581550 42.016397 0.000000 0.000000 0.000000 
5000.00 1193.15 100.082748 0.399932 1.813731 23.918991 23.340259 8.615344 41.994491 0.000000 0.000000 0.000000 
5000.00 1188.15 100.081622 0.399652 1.825122 23.916881 23.319666 8.647802 41.972499 0.000000 0.000000 0.000000 
5000.00 1183.15 100.080502 0.399379 1.836340 23.915535 23.299851 8.678986 41.950411 0.000000 0.000000 0.000000 
5000.00 1178.15 100.079387 0.399114 1.847376 23.914915 23.280813 8.708952 41.928217 0.000000 0.000000 0.000000 
5000.00 1173.15 100.078279 0.398857 1.858221 23.914984 23.262555 8.737755 41.905907 0.000000 0.000000 0.000000 
5000.00 1168.15 100.077176 0.398606 1.868865 23.915712 23.245077 8.765444 41.883471 0.000000 0.000000 0.000000 
5000.00 1163.15 100.076080 0.398363 1.879299 23.917071 23.228382 8.792067 41.860898 0.000000 0.000000 0.000000 
5000.00 1158.15 100.074990 0.398127 1.889513 23.919034 23.212473 8.817667 41.838176 0.000000 0.000000 0.000000 
5000.00 1153.15 100.073906 0.397898 1.899497 23.921579 23.197350 8.842287 41.815296 0.000000 0.000000 0.000000 
5000.00 1148.15 100.072829 0.397675 1.909243 23.924685 23.183017 8.865964 41.792245 0.000000 0.000000 0.000000 
5000.00 1143.15 100.071759 0.397458 1.918739 23.928335 23.169477 8.888738 41.769012 0.000000 0.000000 0.000000 
5000.00 1138.15 100.070695 0.397247 1.927976 23.932512 23.156734 8.910641 41.745585 0.000000 0.000000 0.000000 
5000.00 1133.15 100.069638 0.397042 1.936944 23.937202 23.144789 8.931708 41.721953 0.000000 0.000000 0.000000 
5000.00 1128.15 100.068589 0.396843 1.945634 23.942392 23.133647 8.951970 41.698102 0.000000 0.000000 0.000000 
5000.00 1123.15 100.067546 0.396650 1.954034 23.948073 23.123312 8.971456 41.674021 0.000000 0.000000 0.000000 
5000.00 1118.15 100.066510 0.396462 1.962135 23.954235 23.113788 8.990194 41.649696 0.000000 0.000000 0.000000 
5000.00 1113.15 100.065482 0.396280 1.969927 23.960869 23.105078 9.008211 41.625116 0.000000 0.000000 0.000000 
5000.00 1108.15 100.064461 0.396102 1.977400 23.967970 23.097187 9.025533 41.600268 0.000000 0.000000 0.000000 
5000.00 1103.15 100.063447 0.395930 1.984543 23.975532 23.090120 9.042184 41.575139 0.000000 0.000000 0.000000 
5000.00 1098.15 100.062441 0.395763 1.991347 23.983550 23.083880 9.058186 41.549715 0.000000 0.000000 0.000000 
5000.00 1093.15 100.061442 0.395601 1.997801 23.992022 23.078472 9.073562 41.523985 0.000000 0.000000 0.000000 
5000.00 1088.15 100.060451 0.395443 2.003896 24.000944 23.073900 9.088333 41.497935 0.000000 0.000000 0.000000 
5000.00 1083.15 100.059468 0.395290 2.009622 24.010316 23.070170 9.102518 41.471551 0.000000 0.000000 0.000000 
5000.00 1078.15 100.058492 0.395142 2.014968 24.020136 23.067286 9.116137 41.444823 0.000000 0.000000 0.000000 
5000.00 1073.15 100.057524 0.394998 2.019927 24.030403 23.065251 9.129209 41.417736 0.000000 0.000000 0.000000 
5000.00 1068.15 100.056564 0.394859 2.024487 24.041118 23.064071 9.141750 41.390279 0.000000 0.000000 0.000000 
5000.00 1063.15 100.055612 0.394724 2.028640 24.052282 23.063750 9.153777 41.362439 0.000000 0.000000 0.000000 
5000.00 1058.15 100.054667 0.394593 2.032378 24.063895 23.064290 9.165307 41.334204 0.000000 0.000000 0.000000 
5000.00 1053.15 100.053731 0.394466 2.035692 24.075957 23.065697 9.176356 41.305564 0.000000 0.000000 0.000000 
5000.00 1048.15 100.052802 0.394343 2.038573 24.088471 23.067972 9.186937 41.276506 0.000000 0.000000 0.000000 
5000.00 1043.15 100.051882 0.394224 2.041014 24.101438 23.071119 9.197065 41.247022 0.000000 0.000000 0.000000 
5000.00 1038.15 100.050969 0.394110 2.043009 24.114857 23.075139 9.206755 41.217100 0.000000 0.000000 0.000000 
5000.00 1033.15 100.050065 0.393999 2.044550 24.128730 23.080033 9.216018 41.186734 0.000000 0.000000 0.000000 
