Title: MORB_Gale2013-0

Bulk Composition:
Pressure Temperature mass SiO2 TiO2 Al2O3 Fe2O3 FeO MnO MgO CaO Na2O K2O P2O5 
5000.00 1573.15 100.142974 50.6855 1.71734 15.1374 1.42503 9.02502 0.171613 7.47978 11.2334 2.80899 0.142067 0.173916
5000.00 1568.15 100.143125 50.6854 1.71733 15.1373 1.42653 9.02365 0.171613 7.47977 11.2334 2.80899 0.142066 0.173916
5000.00 1563.15 100.143281 50.6854 1.71733 15.1373 1.42808 9.02224 0.171613 7.47976 11.2333 2.80898 0.142066 0.173916
5000.00 1558.15 100.143443 50.6853 1.71733 15.1373 1.42969 9.02077 0.171612 7.47975 11.2333 2.80898 0.142066 0.173915
5000.00 1553.15 100.143610 50.6852 1.71733 15.1373 1.43135 9.01926 0.171612 7.47973 11.2333 2.80897 0.142066 0.173915
5000.00 1548.15 100.143783 50.6851 1.71732 15.1372 1.43308 9.01769 0.171612 7.47972 11.2333 2.80897 0.142066 0.173915
5000.00 1543.15 100.143962 50.685 1.71732 15.1372 1.43485 9.01608 0.171612 7.47971 11.2333 2.80896 0.142065 0.173915
5000.00 1538.15 100.144146 50.6849 1.71732 15.1372 1.43669 9.0144 0.171611 7.47969 11.2332 2.80896 0.142065 0.173914
5000.00 1533.15 100.144009 50.685 1.71732 15.1372 1.43532 9.01565 0.171611 7.4797 11.2333 2.80896 0.142065 0.173914
5000.00 1528.15 100.143766 50.6851 1.71732 15.1372 1.43291 9.01785 0.171612 7.47972 11.2333 2.80897 0.142066 0.173915
5000.00 1523.15 100.143736 50.6851 1.71732 15.1373 1.43261 9.01812 0.171612 7.47972 11.2333 2.80897 0.142066 0.173915
5000.00 1518.15 100.143894 50.685 1.71732 15.1372 1.43418 9.01669 0.171612 7.47971 11.2333 2.80897 0.142065 0.173915
5000.00 1513.15 100.144148 50.6849 1.71732 15.1372 1.43671 9.01439 0.171611 7.47969 11.2332 2.80896 0.142065 0.173914
5000.00 1508.15 100.142883 50.6856 1.71734 15.1374 1.42412 9.02584 0.171613 7.47979 11.2334 2.80899 0.142067 0.173916
5000.00 1503.15 100.141438 50.6863 1.71736 15.1376 1.40973 9.03894 0.171616 7.4799 11.2335 2.80904 0.142069 0.173919
5000.00 1498.15 100.139972 50.687 1.71739 15.1378 1.39514 9.05222 0.171618 7.48001 11.2337 2.80908 0.142071 0.173921
5000.00 1493.15 100.138633 50.6877 1.71741 15.138 1.38182 9.06435 0.171621 7.48011 11.2339 2.80911 0.142073 0.173924
5000.00 1488.15 100.137429 50.6883 1.71743 15.1382 1.36983 9.07526 0.171623 7.4802 11.234 2.80915 0.142075 0.173926
5000.00 1483.15 100.136348 50.6889 1.71745 15.1384 1.35907 9.08505 0.171625 7.48028 11.2341 2.80918 0.142076 0.173928
5000.00 1478.15 100.135380 50.6894 1.71747 15.1385 1.34944 9.09381 0.171626 7.48035 11.2342 2.80921 0.142077 0.173929
5000.00 1473.15 100.134514 50.6898 1.71748 15.1386 1.34082 9.10166 0.171628 7.48041 11.2343 2.80923 0.142079 0.173931
5000.00 1468.15 100.133736 50.6902 1.71749 15.1388 1.33307 9.10871 0.171629 7.48047 11.2344 2.80925 0.14208 0.173932
5000.00 1463.15 100.133029 50.6905 1.71751 15.1389 1.32603 9.11512 0.17163 7.48052 11.2345 2.80927 0.142081 0.173934
5000.00 1458.15 100.132369 50.6909 1.71752 15.139 1.31946 9.1211 0.171631 7.48057 11.2346 2.80929 0.142082 0.173935
5000.00 1453.15 100.131721 50.6912 1.71753 15.1391 1.31301 9.12697 0.171633 7.48062 11.2346 2.80931 0.142083 0.173936
5000.00 1448.15 100.131034 50.6916 1.71754 15.1392 1.30618 9.13319 0.171634 7.48067 11.2347 2.80933 0.142084 0.173937
5000.00 1443.15 100.130246 50.692 1.71755 15.1393 1.29833 9.14033 0.171635 7.48073 11.2348 2.80935 0.142085 0.173938
5000.00 1438.15 100.129321 50.6924 1.71757 15.1394 1.28912 9.14872 0.171637 7.4808 11.2349 2.80938 0.142086 0.17394
5000.00 1433.15 100.128363 50.6929 1.71759 15.1396 1.27959 9.15739 0.171638 7.48087 11.235 2.8094 0.142087 0.173942
5000.00 1428.15 100.127666 50.6933 1.7176 15.1397 1.27265 9.1637 0.171639 7.48092 11.2351 2.80942 0.142088 0.173943
5000.00 1423.15 100.127383 50.6934 1.7176 15.1397 1.26982 9.16628 0.17164 7.48095 11.2351 2.80943 0.142089 0.173943
5000.00 1418.15 100.127319 50.6934 1.7176 15.1397 1.26919 9.16686 0.17164 7.48095 11.2351 2.80943 0.142089 0.173943
5000.00 1413.15 100.127225 50.6935 1.71761 15.1397 1.26826 9.1677 0.17164 7.48096 11.2351 2.80943 0.142089 0.173944
5000.00 1408.15 100.126905 50.6936 1.71761 15.1398 1.26507 9.17061 0.171641 7.48098 11.2352 2.80944 0.142089 0.173944
5000.00 1403.15 100.126840 50.6937 1.71761 15.1398 1.26442 9.17119 0.171641 7.48099 11.2352 2.80944 0.14209 0.173944
5000.00 1398.15 100.126237 50.694 1.71762 15.1399 1.25841 9.17666 0.171642 7.48103 11.2352 2.80946 0.14209 0.173945
5000.00 1393.15 100.125489 50.6944 1.71764 15.14 1.25098 9.18343 0.171643 7.48109 11.2353 2.80948 0.142091 0.173947
5000.00 1388.15 100.124730 50.6947 1.71765 15.1401 1.24341 9.19032 0.171644 7.48114 11.2354 2.8095 0.142093 0.173948
5000.00 1383.15 100.121928 50.6962 1.7177 15.1405 1.21551 9.21571 0.171649 7.48135 11.2357 2.80958 0.142097 0.173953
5000.00 1378.15 100.114827 50.6998 1.71782 15.1416 1.14481 9.28006 0.171661 7.48188 11.2365 2.80978 0.142107 0.173965
5000.00 1373.15 100.112801 50.7008 1.71785 15.1419 1.12463 9.29842 0.171665 7.48204 11.2368 2.80984 0.142109 0.173969
5000.00 1368.15 100.111886 50.7013 1.71787 15.1421 1.11552 9.30672 0.171667 7.4821 11.2369 2.80986 0.142111 0.17397
5000.00 1363.15 100.110968 50.7017 1.71789 15.1422 1.10638 9.31504 0.171668 7.48217 11.237 2.80989 0.142112 0.173972
5000.00 1358.15 100.110046 50.7022 1.7179 15.1423 1.09719 9.3234 0.17167 7.48224 11.2371 2.80992 0.142113 0.173973
5000.00 1353.15 100.109121 50.7027 1.71792 15.1425 1.08798 9.33178 0.171671 7.48231 11.2372 2.80994 0.142115 0.173975
5000.00 1348.15 100.108192 50.7031 1.71793 15.1426 1.07873 9.3402 0.171673 7.48238 11.2373 2.80997 0.142116 0.173977
5000.00 1343.15 100.107259 50.7036 1.71795 15.1428 1.06944 9.34866 0.171674 7.48245 11.2374 2.80999 0.142117 0.173978
5000.00 1338.15 100.106323 50.7041 1.71796 15.1429 1.06012 9.35714 0.171676 7.48252 11.2375 2.81002 0.142119 0.17398
5000.00 1333.15 100.105383 50.7045 1.71798 15.1431 1.05075 9.36566 0.171678 7.48259 11.2376 2.81005 0.14212 0.173982
5000.00 1328.15 100.104439 50.705 1.718 15.1432 1.04135 9.37422 0.171679 7.48266 11.2377 2.81007 0.142121 0.173983
5000.00 1323.15 100.103491 50.7055 1.71801 15.1433 1.03191 9.38282 0.171681 7.48273 11.2378 2.8101 0.142123 0.173985
5000.00 1318.15 100.102539 50.706 1.71803 15.1435 1.02243 9.39145 0.171683 7.4828 11.2379 2.81013 0.142124 0.173987
5000.00 1313.15 100.101583 50.7065 1.71805 15.1436 1.0129 9.40012 0.171684 7.48287 11.238 2.81015 0.142125 0.173988
5000.00 1308.15 100.100622 50.707 1.71806 15.1438 1.00333 9.40883 0.171686 7.48295 11.2381 2.81018 0.142127 0.17399
5000.00 1303.15 100.099656 50.7074 1.71808 15.1439 0.993706 9.41759 0.171687 7.48302 11.2382 2.81021 0.142128 0.173992
5000.00 1298.15 100.098685 50.7079 1.7181 15.1441 0.984038 9.42639 0.171689 7.48309 11.2383 2.81024 0.14213 0.173993
5000.00 1293.15 100.097523 50.7085 1.71812 15.1442 0.972459 9.43692 0.171691 7.48318 11.2385 2.81027 0.142131 0.173995
5000.00 1288.15 100.095314 50.7096 1.71815 15.1446 0.95045 9.45696 0.171695 7.48334 11.2387 2.81033 0.142134 0.173999
5000.00 1283.15 100.093121 50.7108 1.71819 15.1449 0.928607 9.47684 0.171699 7.48351 11.239 2.81039 0.142137 0.174003
5000.00 1278.15 100.090946 50.7119 1.71823 15.1452 0.90694 9.49656 0.171702 7.48367 11.2392 2.81045 0.142141 0.174007
5000.00 1273.15 100.088790 50.713 1.71827 15.1456 0.885455 9.51611 0.171706 7.48383 11.2395 2.81051 0.142144 0.17401
5000.00 1268.15 100.086653 50.714 1.7183 15.1459 0.86416 9.53549 0.17171 7.48399 11.2397 2.81057 0.142147 0.174014
5000.00 1263.15 100.084535 50.7151 1.71834 15.1462 0.843061 9.5547 0.171713 7.48415 11.2399 2.81063 0.14215 0.174018
5000.00 1258.15 100.082438 50.7162 1.71837 15.1465 0.822165 9.57371 0.171717 7.48431 11.2402 2.81069 0.142153 0.174021
5000.00 1253.15 100.080362 50.7172 1.71841 15.1468 0.80148 9.59254 0.171721 7.48446 11.2404 2.81075 0.142156 0.174025
5000.00 1248.15 100.078308 50.7183 1.71845 15.1471 0.781012 9.61117 0.171724 7.48461 11.2406 2.81081 0.142158 0.174029
5000.00 1243.15 100.076277 50.7193 1.71848 15.1475 0.760767 9.6296 0.171728 7.48477 11.2409 2.81086 0.142161 0.174032
5000.00 1238.15 100.074268 50.7203 1.71852 15.1478 0.740751 9.64781 0.171731 7.48492 11.2411 2.81092 0.142164 0.174036
5000.00 1233.15 100.072284 50.7213 1.71855 15.1481 0.720972 9.66582 0.171734 7.48506 11.2413 2.81098 0.142167 0.174039
5000.00 1228.15 100.070324 50.7223 1.71858 15.1484 0.701435 9.6836 0.171738 7.48521 11.2415 2.81103 0.14217 0.174043
5000.00 1223.15 100.068388 50.7233 1.71862 15.1487 0.682145 9.70115 0.171741 7.48536 11.2417 2.81109 0.142173 0.174046
5000.00 1218.15 100.066479 50.7243 1.71865 15.1489 0.663108 9.71848 0.171744 7.4855 11.242 2.81114 0.142175 0.174049
5000.00 1213.15 100.064595 50.7252 1.71868 15.1492 0.64433 9.73557 0.171748 7.48564 11.2422 2.81119 0.142178 0.174052
5000.00 1208.15 100.062737 50.7262 1.71871 15.1495 0.625815 9.75242 0.171751 7.48578 11.2424 2.81124 0.142181 0.174056
5000.00 1203.15 100.060907 50.7271 1.71874 15.1498 0.607569 9.76903 0.171754 7.48592 11.2426 2.8113 0.142183 0.174059
5000.00 1198.15 100.059104 50.728 1.71878 15.1501 0.589595 9.78539 0.171757 7.48605 11.2428 2.81135 0.142186 0.174062
5000.00 1193.15 100.057329 50.7289 1.71881 15.1503 0.571899 9.8015 0.17176 7.48618 11.243 2.8114 0.142188 0.174065
5000.00 1188.15 100.055582 50.7298 1.71884 15.1506 0.554483 9.81735 0.171763 7.48631 11.2432 2.81145 0.142191 0.174068
5000.00 1183.15 100.053864 50.7307 1.71887 15.1508 0.537353 9.83294 0.171766 7.48644 11.2434 2.81149 0.142193 0.174071
5000.00 1178.15 100.052175 50.7315 1.71889 15.1511 0.52051 9.84827 0.171769 7.48657 11.2436 2.81154 0.142196 0.174074
5000.00 1173.15 100.050515 50.7324 1.71892 15.1514 0.50396 9.86333 0.171772 7.48669 11.2437 2.81159 0.142198 0.174077
5000.00 1168.15 100.048885 50.7332 1.71895 15.1516 0.487704 9.87813 0.171775 7.48682 11.2439 2.81163 0.1422 0.17408
5000.00 1163.15 100.047501 50.7339 1.71897 15.1518 0.473903 9.89069 0.171777 7.48692 11.2441 2.81167 0.142202 0.174082
5000.00 1158.15 100.046814 50.7342 1.71899 15.1519 0.467061 9.89691 0.171778 7.48697 11.2442 2.81169 0.142203 0.174083
5000.00 1153.15 100.046131 50.7346 1.719 15.152 0.46025 9.90311 0.171779 7.48702 11.2442 2.81171 0.142204 0.174085
5000.00 1148.15 100.045452 50.7349 1.71901 15.1521 0.45347 9.90928 0.171781 7.48707 11.2443 2.81173 0.142205 0.174086
5000.00 1143.15 100.044775 50.7353 1.71902 15.1522 0.446723 9.91542 0.171782 7.48712 11.2444 2.81175 0.142206 0.174087