Title: MORB_Gale2013-0

Liquid Composition:
Pressure Temperature mass SiO2 TiO2 Al2O3 Fe2O3 FeO MnO MgO CaO Na2O K2O P2O5 
5000.00 1573.15 100.142974 50.6855 1.71734 15.1374 1.42503 9.02502 0.171613 7.47978 11.2334 2.80899 0.142067 0.173916
5000.00 1568.15 100.143125 50.6854 1.71733 15.1373 1.42653 9.02365 0.171613 7.47977 11.2334 2.80899 0.142066 0.173916
5000.00 1563.15 100.143281 50.6854 1.71733 15.1373 1.42808 9.02224 0.171613 7.47976 11.2333 2.80898 0.142066 0.173916
5000.00 1558.15 100.143443 50.6853 1.71733 15.1373 1.42969 9.02077 0.171612 7.47975 11.2333 2.80898 0.142066 0.173915
5000.00 1553.15 100.143610 50.6852 1.71733 15.1373 1.43135 9.01926 0.171612 7.47973 11.2333 2.80897 0.142066 0.173915
5000.00 1548.15 100.143783 50.6851 1.71732 15.1372 1.43308 9.01769 0.171612 7.47972 11.2333 2.80897 0.142066 0.173915
5000.00 1543.15 100.143962 50.685 1.71732 15.1372 1.43485 9.01608 0.171612 7.47971 11.2333 2.80896 0.142065 0.173915
5000.00 1538.15 100.144146 50.6849 1.71732 15.1372 1.43669 9.0144 0.171611 7.47969 11.2332 2.80896 0.142065 0.173914
5000.00 1533.15 98.619696 50.6685 1.7391 15.3001 1.43974 9.04538 0.174264 7.30918 11.1543 2.8486 0.144261 0.176603
5000.00 1528.15 95.765375 50.6484 1.78004 15.6078 1.44297 9.10681 0.179458 6.99667 10.982 2.9255 0.148561 0.181866
5000.00 1523.15 93.013998 50.6423 1.81966 15.9082 1.44497 9.16352 0.184766 6.69825 10.7949 3.00325 0.152955 0.187246
5000.00 1518.15 90.366285 50.65 1.85774 16.201 1.4457 9.21275 0.19018 6.41157 10.5991 3.08173 0.157437 0.192732
5000.00 1513.15 87.542986 50.6691 1.89987 16.4603 1.44807 9.2738 0.196313 6.13859 10.3907 3.1619 0.162442 0.198948
5000.00 1508.15 79.832998 50.6208 2.05943 16.2158 1.507 9.72539 0.215273 5.92241 10.0847 3.25468 0.176365 0.218162
5000.00 1503.15 72.590476 50.526 2.23838 15.9373 1.56924 10.1872 0.236751 5.69952 9.84092 3.33322 0.191549 0.239928
5000.00 1498.15 65.896090 50.3839 2.43509 15.6302 1.63405 10.6568 0.260802 5.47875 9.6531 3.39517 0.207808 0.264302
5000.00 1493.15 59.782810 50.1968 2.64662 15.3036 1.70049 11.1328 0.287472 5.26673 9.50991 3.43934 0.224922 0.291329
5000.00 1488.15 54.281482 49.9657 2.87069 14.9781 1.76626 11.6119 0.316606 5.07398 9.3888 3.46464 0.242551 0.320855
5000.00 1483.15 49.288301 49.6874 3.10938 14.6524 1.83156 12.0963 0.34868 4.8994 9.29027 3.4706 0.260692 0.35336
5000.00 1478.15 44.721557 49.3577 3.36522 14.3249 1.89663 12.5885 0.384286 4.74222 9.21536 3.45638 0.279322 0.389443
5000.00 1473.15 40.514209 48.9703 3.6416 13.9933 1.9618 13.0919 0.424193 4.60203 9.16589 3.4206 0.298397 0.429886
5000.00 1468.15 36.613184 48.5169 3.94283 13.6545 2.02746 13.6108 0.46939 4.47888 9.14458 3.36124 0.317815 0.475689
5000.00 1463.15 32.975121 47.9855 4.27477 13.3042 2.09413 14.1505 0.521176 4.37334 9.15541 3.27541 0.337396 0.528171
5000.00 1458.15 29.563616 47.3593 4.64578 12.9362 2.16257 14.719 0.581318 4.28668 9.20414 3.159 0.356826 0.589119
5000.00 1453.15 26.347705 46.613 5.06822 12.5415 2.23392 15.3281 0.652272 4.22118 9.2992 3.00609 0.37556 0.661025
5000.00 1448.15 23.301439 45.709 5.56102 12.106 2.30989 15.995 0.737545 4.1804 9.45268 2.80847 0.392654 0.747443
5000.00 1443.15 20.407371 44.5944 6.15249 11.6103 2.39272 16.7424 0.84214 4.16903 9.68061 2.55599 0.406492 0.853441
5000.00 1438.15 17.674695 43.219 6.87621 11.0359 2.48379 17.5835 0.972343 4.18944 9.99674 2.24298 0.414681 0.985391
5000.00 1433.15 15.160603 41.6519 7.73755 10.4115 2.57658 18.4682 1.13359 4.22531 10.3614 1.89358 0.415949 1.12444
5000.00 1428.15 12.965830 40.1757 8.65879 9.84878 2.65224 19.2393 1.32547 4.23521 10.6606 1.573 0.413741 1.21714
5000.00 1423.15 11.165463 38.9364 9.53063 9.39992 2.70307 19.7431 1.5392 4.20562 10.9056 1.31552 0.412145 1.30883
5000.00 1418.15 9.662794 37.9534 10.3276 9.06555 2.73021 19.9793 1.77856 4.13918 11.0995 1.11525 0.4135 1.39792
5000.00 1413.15 8.374908 37.1769 11.0583 8.82044 2.73785 19.988 2.05207 4.04552 11.2607 0.955136 0.417843 1.48723
5000.00 1408.15 7.257798 36.5587 11.7314 8.64203 2.72939 19.8077 2.36792 3.93332 11.4026 0.822768 0.424422 1.57982
5000.00 1403.15 5.089974 36.4192 11.6131 8.68274 2.68579 19.4404 3.16033 3.80475 11.3461 0.743071 0.437435 1.66715
5000.00 1398.15 3.816717 36.1156 11.6272 8.68693 2.64477 19.0625 3.94873 3.71027 11.322 0.665452 0.43989 1.77663
5000.00 1393.15 2.928020 35.7454 11.6292 8.68356 2.60469 18.6899 4.78133 3.63571 11.2951 0.596472 0.435826 1.90289
5000.00 1388.15 2.285246 35.3247 11.6131 8.67255 2.56644 18.3298 5.64359 3.57497 11.2669 0.535513 0.42715 2.04536
5000.00 1383.15 1.443222 35.1869 11.7093 8.72307 2.49749 17.5842 6.42476 3.45752 11.3238 0.469134 0.431013 2.19283
5000.00 1378.15 0.190991 35.935 11.978 8.96131 2.34667 15.9608 6.91491 3.21231 11.5167 0.401808 0.472557 2.29988
5000.00 1373.15 0.000000 ---
5000.00 1368.15 0.000000 ---
5000.00 1363.15 0.000000 ---
5000.00 1358.15 0.000000 ---
5000.00 1353.15 0.000000 ---
5000.00 1348.15 0.000000 ---
5000.00 1343.15 0.000000 ---
5000.00 1338.15 0.000000 ---
5000.00 1333.15 0.000000 ---
5000.00 1328.15 0.000000 ---
5000.00 1323.15 0.000000 ---
5000.00 1318.15 0.000000 ---
5000.00 1313.15 0.000000 ---
5000.00 1308.15 0.000000 ---
5000.00 1303.15 0.000000 ---
5000.00 1298.15 0.000000 ---
5000.00 1293.15 0.000000 ---
5000.00 1288.15 0.000000 ---
5000.00 1283.15 0.000000 ---
5000.00 1278.15 0.000000 ---
5000.00 1273.15 0.000000 ---
5000.00 1268.15 0.000000 ---
5000.00 1263.15 0.000000 ---
5000.00 1258.15 0.000000 ---
5000.00 1253.15 0.000000 ---
5000.00 1248.15 0.000000 ---
5000.00 1243.15 0.000000 ---
5000.00 1238.15 0.000000 ---
5000.00 1233.15 0.000000 ---
5000.00 1228.15 0.000000 ---
5000.00 1223.15 0.000000 ---
5000.00 1218.15 0.000000 ---
5000.00 1213.15 0.000000 ---
5000.00 1208.15 0.000000 ---
5000.00 1203.15 0.000000 ---
5000.00 1198.15 0.000000 ---
5000.00 1193.15 0.000000 ---
5000.00 1188.15 0.000000 ---
5000.00 1183.15 0.000000 ---
5000.00 1178.15 0.000000 ---
5000.00 1173.15 0.000000 ---
5000.00 1168.15 0.000000 ---
5000.00 1163.15 0.000000 ---
5000.00 1158.15 0.000000 ---
5000.00 1153.15 0.000000 ---
5000.00 1148.15 0.000000 ---
5000.00 1143.15 0.000000 ---