Title: MORB_Gale2013-0

liquid_0 thermodynamic data and composition:
Pressure Temperature mass S H V Cp viscosity SiO2 TiO2 Al2O3 Fe2O3 FeO MnO MgO CaO Na2O K2O P2O5 Mg#
5000.00 1573.15 100.142974 275.702143 -1187109.482451 36.547055 149.639198 2.039 50.6855 1.71734 15.1374 1.42503 9.02502 0.171613 7.47978 11.2334 2.80899 0.142067 0.173916 59.6
5000.00 1568.15 100.143125 275.226110 -1187859.834459 36.534687 149.639972 2.059 50.6854 1.71733 15.1373 1.42653 9.02365 0.171613 7.47977 11.2334 2.80899 0.142066 0.173916 59.6
5000.00 1563.15 100.143281 274.748562 -1188610.271596 36.522323 149.640773 2.080 50.6854 1.71733 15.1373 1.42808 9.02224 0.171613 7.47976 11.2333 2.80898 0.142066 0.173916 59.6
5000.00 1558.15 100.143443 274.269490 -1189360.795416 36.509962 149.641602 2.100 50.6853 1.71733 15.1373 1.42969 9.02077 0.171612 7.47975 11.2333 2.80898 0.142066 0.173915 59.6
5000.00 1553.15 100.143610 273.788883 -1190111.407503 36.497606 149.642460 2.121 50.6852 1.71733 15.1373 1.43135 9.01926 0.171612 7.47973 11.2333 2.80897 0.142066 0.173915 59.7
5000.00 1548.15 100.143783 273.306732 -1190862.109476 36.485254 149.643347 2.141 50.6851 1.71732 15.1372 1.43308 9.01769 0.171612 7.47972 11.2333 2.80897 0.142066 0.173915 59.7
5000.00 1543.15 100.143962 272.823025 -1191612.902986 36.472905 149.644263 2.162 50.685 1.71732 15.1372 1.43485 9.01608 0.171612 7.47971 11.2333 2.80896 0.142065 0.173915 59.7
5000.00 1538.15 100.144146 272.337754 -1192363.789721 36.460561 149.645209 2.183 50.6849 1.71732 15.1372 1.43669 9.0144 0.171611 7.47969 11.2332 2.80896 0.142065 0.173914 59.7
5000.00 1533.15 98.619696 267.731984 -1174636.034315 35.903650 147.232598 2.218 50.6685 1.7391 15.3001 1.43974 9.04538 0.174264 7.30918 11.1543 2.8486 0.144261 0.176603 59.0
5000.00 1528.15 95.765375 259.557300 -1140812.140190 34.873051 142.726948 2.266 50.6484 1.78004 15.6078 1.44297 9.10681 0.179458 6.99667 10.982 2.9255 0.148561 0.181866 57.8
5000.00 1523.15 93.013998 251.689617 -1108288.022440 33.881359 138.397420 2.315 50.6423 1.81966 15.9082 1.44497 9.16352 0.184766 6.69825 10.7949 3.00325 0.152955 0.187246 56.6
5000.00 1518.15 90.366285 244.128512 -1077081.588407 32.928953 134.243405 2.365 50.65 1.85774 16.201 1.4457 9.21275 0.19018 6.41157 10.5991 3.08173 0.157437 0.192732 55.4
5000.00 1513.15 87.542986 236.115897 -1043601.719758 31.910395 129.839521 2.414 50.6691 1.89987 16.4603 1.44807 9.2738 0.196313 6.13859 10.3907 3.1619 0.162442 0.198948 54.1
5000.00 1508.15 79.832998 214.905399 -947226.337171 29.042918 118.047145 2.428 50.6208 2.05943 16.2158 1.507 9.72539 0.215273 5.92241 10.0847 3.25468 0.176365 0.218162 52.1
5000.00 1503.15 72.590476 195.008691 -856963.486581 26.347604 107.009383 2.436 50.526 2.23838 15.9373 1.56924 10.1872 0.236751 5.69952 9.84092 3.33322 0.191549 0.239928 49.9
5000.00 1498.15 65.896090 176.641571 -773804.031475 23.855088 96.845330 2.438 50.3839 2.43509 15.6302 1.63405 10.6568 0.260802 5.47875 9.6531 3.39517 0.207808 0.264302 47.8
5000.00 1493.15 59.782810 159.889680 -698136.780558 21.578533 87.598973 2.434 50.1968 2.64662 15.3036 1.70049 11.1328 0.287472 5.26673 9.50991 3.43934 0.224922 0.291329 45.7
5000.00 1488.15 54.281482 144.832639 -630328.551707 19.529974 79.311846 2.424 49.9657 2.87069 14.9781 1.76626 11.6119 0.316606 5.07398 9.3888 3.46464 0.242551 0.320855 43.8
5000.00 1483.15 49.288301 131.185543 -569053.884569 17.671218 71.820664 2.408 49.6874 3.10938 14.6524 1.83156 12.0963 0.34868 4.8994 9.29027 3.4706 0.260692 0.35336 41.9
5000.00 1478.15 44.721557 118.726120 -513267.249340 15.972207 63.375068 2.385 49.3577 3.36522 14.3249 1.89663 12.5885 0.384286 4.74222 9.21536 3.45638 0.279322 0.389443 40.2
5000.00 1473.15 40.514209 107.271024 -462113.110630 14.408252 57.286066 2.355 48.9703 3.6416 13.9933 1.9618 13.0919 0.424193 4.60203 9.16589 3.4206 0.298397 0.429886 38.5
5000.00 1468.15 36.613184 96.670757 -414920.094557 12.959798 51.665757 2.317 48.5169 3.94283 13.6545 2.02746 13.6108 0.46939 4.47888 9.14458 3.36124 0.317815 0.475689 37.0
5000.00 1463.15 32.975121 86.806245 -371134.232754 11.610838 46.447574 2.270 47.9855 4.27477 13.3042 2.09413 14.1505 0.521176 4.37334 9.15541 3.27541 0.337396 0.528171 35.5
5000.00 1458.15 29.563616 77.577444 -330288.975582 10.347874 41.575777 2.211 47.3593 4.64578 12.9362 2.16257 14.719 0.581318 4.28668 9.20414 3.159 0.356826 0.589119 34.2
5000.00 1453.15 26.347705 68.899142 -291985.130317 9.159338 37.003094 2.137 46.613 5.06822 12.5415 2.23392 15.3281 0.652272 4.22118 9.2992 3.00609 0.37556 0.661025 32.9
5000.00 1448.15 23.301439 60.699766 -255885.122837 8.035458 32.689933 2.043 45.709 5.56102 12.106 2.30989 15.995 0.737545 4.1804 9.45268 2.80847 0.392654 0.747443 31.8
5000.00 1443.15 20.407371 52.930789 -221758.618797 6.969708 28.608992 1.925 44.5944 6.15249 11.6103 2.39272 16.7424 0.84214 4.16903 9.68061 2.55599 0.406492 0.853441 30.7
5000.00 1438.15 17.674695 45.616000 -189719.736245 5.966238 24.770020 1.775 43.219 6.87621 11.0359 2.48379 17.5835 0.972343 4.18944 9.99674 2.24298 0.414681 0.985391 29.8
5000.00 1433.15 15.160603 38.914097 -160547.325999 5.050123 21.243976 1.605 41.6519 7.73755 10.4115 2.57658 18.4682 1.13359 4.22531 10.3614 1.89358 0.415949 1.12444 29.0
5000.00 1428.15 12.965830 33.103152 -135583.696934 4.264188 18.159849 1.448 40.1757 8.65879 9.84878 2.65224 19.2393 1.32547 4.23521 10.6606 1.573 0.413741 1.21714 28.2
5000.00 1423.15 11.165463 28.369339 -115624.680462 3.633593 15.631375 1.323 38.9364 9.53063 9.39992 2.70307 19.7431 1.5392 4.20562 10.9056 1.31552 0.412145 1.30883 27.5
5000.00 1418.15 9.662794 24.447261 -99388.798979 3.119087 13.521982 1.228 37.9534 10.3276 9.06555 2.73021 19.9793 1.77856 4.13918 11.0995 1.11525 0.4135 1.39792 27.0
5000.00 1413.15 8.374908 21.108917 -85771.639704 2.686706 11.715342 1.157 37.1769 11.0583 8.82044 2.73785 19.988 2.05207 4.04552 11.2607 0.955136 0.417843 1.48723 26.5
5000.00 1408.15 7.257798 18.230772 -74155.315598 2.317526 10.149585 1.103 36.5587 11.7314 8.64203 2.72939 19.8077 2.36792 3.93332 11.4026 0.822768 0.424422 1.57982 26.1
5000.00 1403.15 5.089974 12.753817 -51938.445313 1.622606 7.109053 1.074 36.4192 11.6131 8.68274 2.68579 19.4404 3.16033 3.80475 11.3461 0.743071 0.437435 1.66715 25.9
5000.00 1398.15 3.816717 9.537702 -38881.440181 1.213636 5.327109 1.027 36.1156 11.6272 8.68693 2.64477 19.0625 3.94873 3.71027 11.322 0.665452 0.43989 1.77663 25.8
5000.00 1393.15 2.928020 7.296494 -29766.101938 0.928344 4.084938 0.969 35.7454 11.6292 8.68356 2.60469 18.6899 4.78133 3.63571 11.2951 0.596472 0.435826 1.90289 25.7
5000.00 1388.15 2.285246 5.678266 -23174.634603 0.722240 3.187373 0.904 35.3247 11.6131 8.67255 2.56644 18.3298 5.64359 3.57497 11.2669 0.535513 0.42715 2.04536 25.8
5000.00 1383.15 1.443222 3.576859 -14666.823808 0.455999 2.012963 0.880 35.1869 11.7093 8.72307 2.49749 17.5842 6.42476 3.45752 11.3238 0.469134 0.431013 2.19283 26.0
5000.00 1378.15 0.190991 0.472719 -1968.105018 0.060819 0.266444 0.978 35.935 11.978 8.96131 2.34667 15.9608 6.91491 3.21231 11.5167 0.401808 0.472557 2.29988 26.4

whitlockite thermodynamic data and composition:
Pressure Temperature mass S H V Cp formula
5000.00 1433.15 0.008071 0.019232 -95.039116 0.002540 0.008553 Ca3(PO4)2
5000.00 1428.15 0.035735 0.085016 -420.976738 0.011246 0.037853 Ca3(PO4)2
5000.00 1423.15 0.061249 0.145488 -721.870689 0.019276 0.064854 Ca3(PO4)2
5000.00 1418.15 0.085413 0.202571 -1007.127420 0.026881 0.090404 Ca3(PO4)2
5000.00 1413.15 0.108412 0.256709 -1278.879652 0.034119 0.114700 Ca3(PO4)2
5000.00 1408.15 0.130031 0.307415 -1534.604984 0.040923 0.137518 Ca3(PO4)2
5000.00 1403.15 0.195159 0.460652 -2304.253341 0.061420 0.206310 Ca3(PO4)2
5000.00 1398.15 0.232413 0.547712 -2745.350927 0.073145 0.245592 Ca3(PO4)2
5000.00 1393.15 0.258837 0.609003 -3058.845243 0.081461 0.273401 Ca3(PO4)2
5000.00 1388.15 0.278451 0.654093 -3292.100774 0.087633 0.293995 Ca3(PO4)2
5000.00 1383.15 0.311435 0.730388 -3683.714736 0.098014 0.328683 Ca3(PO4)2
5000.00 1378.15 0.370993 0.868649 -4390.141623 0.116758 0.391375 Ca3(PO4)2
5000.00 1373.15 0.380592 0.889665 -4505.735777 0.119779 0.401330 Ca3(PO4)2
5000.00 1368.15 0.380592 0.875139 -4525.675070 0.119779 0.541235 Ca3(PO4)2
5000.00 1363.15 0.380592 0.873161 -4528.377207 0.119779 0.539622 Ca3(PO4)2
5000.00 1358.15 0.380592 0.871181 -4531.071301 0.119779 0.538017 Ca3(PO4)2
5000.00 1353.15 0.380592 0.869199 -4533.757396 0.119779 0.536422 Ca3(PO4)2
5000.00 1348.15 0.380592 0.867216 -4536.435538 0.119779 0.534836 Ca3(PO4)2
5000.00 1343.15 0.380592 0.865232 -4539.105769 0.119779 0.533258 Ca3(PO4)2
5000.00 1338.15 0.380592 0.863246 -4541.768134 0.119779 0.531689 Ca3(PO4)2
5000.00 1333.15 0.380592 0.861259 -4544.422677 0.119779 0.530129 Ca3(PO4)2
5000.00 1328.15 0.380592 0.859270 -4547.069441 0.119779 0.528578 Ca3(PO4)2
5000.00 1323.15 0.380592 0.857279 -4549.708469 0.119779 0.527035 Ca3(PO4)2
5000.00 1318.15 0.380592 0.855286 -4552.339805 0.119779 0.525501 Ca3(PO4)2
5000.00 1313.15 0.380592 0.853292 -4554.963490 0.119779 0.523975 Ca3(PO4)2
5000.00 1308.15 0.380592 0.851296 -4557.579569 0.119779 0.522458 Ca3(PO4)2
5000.00 1303.15 0.380592 0.849298 -4560.188082 0.119779 0.520949 Ca3(PO4)2
5000.00 1298.15 0.380592 0.847298 -4562.789073 0.119779 0.519449 Ca3(PO4)2
5000.00 1293.15 0.380592 0.845297 -4565.382583 0.119779 0.517957 Ca3(PO4)2
5000.00 1288.15 0.380592 0.843293 -4567.968654 0.119779 0.516473 Ca3(PO4)2
5000.00 1283.15 0.380592 0.841287 -4570.547327 0.119779 0.514998 Ca3(PO4)2
5000.00 1278.15 0.380592 0.839279 -4573.118644 0.119779 0.513530 Ca3(PO4)2
5000.00 1273.15 0.380592 0.837270 -4575.682646 0.119779 0.512071 Ca3(PO4)2
5000.00 1268.15 0.380592 0.835257 -4578.239373 0.119779 0.510621 Ca3(PO4)2
5000.00 1263.15 0.380592 0.833243 -4580.788866 0.119779 0.509178 Ca3(PO4)2
5000.00 1258.15 0.380592 0.831226 -4583.331165 0.119779 0.507743 Ca3(PO4)2
5000.00 1253.15 0.380592 0.829207 -4585.866311 0.119779 0.506316 Ca3(PO4)2
5000.00 1248.15 0.380592 0.827186 -4588.394343 0.119779 0.504898 Ca3(PO4)2
5000.00 1243.15 0.380592 0.825162 -4590.915301 0.119779 0.503487 Ca3(PO4)2
5000.00 1238.15 0.380592 0.823136 -4593.429224 0.119779 0.502084 Ca3(PO4)2
5000.00 1233.15 0.380592 0.821107 -4595.936152 0.119779 0.500689 Ca3(PO4)2
5000.00 1228.15 0.380592 0.819076 -4598.436123 0.119779 0.499301 Ca3(PO4)2
5000.00 1223.15 0.380592 0.817042 -4600.929176 0.119779 0.497921 Ca3(PO4)2
5000.00 1218.15 0.380592 0.815005 -4603.415350 0.119779 0.496549 Ca3(PO4)2
5000.00 1213.15 0.380592 0.812965 -4605.894683 0.119779 0.495185 Ca3(PO4)2
5000.00 1208.15 0.380592 0.810923 -4608.367212 0.119779 0.493828 Ca3(PO4)2
5000.00 1203.15 0.380592 0.808878 -4610.832976 0.119779 0.492479 Ca3(PO4)2
5000.00 1198.15 0.380592 0.806830 -4613.292012 0.119779 0.491137 Ca3(PO4)2
5000.00 1193.15 0.380592 0.804779 -4615.744358 0.119779 0.489802 Ca3(PO4)2
5000.00 1188.15 0.380592 0.802725 -4618.190050 0.119779 0.488475 Ca3(PO4)2
5000.00 1183.15 0.380592 0.800667 -4620.629124 0.119779 0.487156 Ca3(PO4)2
5000.00 1178.15 0.380592 0.798607 -4623.061619 0.119779 0.485843 Ca3(PO4)2
5000.00 1173.15 0.380592 0.796544 -4625.487569 0.119779 0.484538 Ca3(PO4)2
5000.00 1168.15 0.380592 0.794477 -4627.907012 0.119779 0.483240 Ca3(PO4)2
5000.00 1163.15 0.380592 0.792407 -4630.319982 0.119779 0.481949 Ca3(PO4)2
5000.00 1158.15 0.380592 0.790333 -4632.726515 0.119779 0.480665 Ca3(PO4)2
5000.00 1153.15 0.380592 0.788256 -4635.126647 0.119779 0.479389 Ca3(PO4)2
5000.00 1148.15 0.380592 0.786176 -4637.520412 0.119779 0.478119 Ca3(PO4)2
5000.00 1143.15 0.380592 0.784092 -4639.907846 0.119779 0.476856 Ca3(PO4)2

feldspar_0 thermodynamic data and composition:
Pressure Temperature mass S H V Cp formula SiO2 TiO2 Al2O3 Fe2O3 FeO MnO MgO CaO Na2O K2O P2O5
5000.00 1513.15 0.211389 0.527359 -2865.607190 0.079394 0.261554 K0.00Na0.32Ca0.68Al1.68Si2.32O8 51.089 0 31.3243 0 0 0 0 13.922 3.6349 0.0297547 0
5000.00 1508.15 4.338349 10.818361 -58820.003405 1.631269 5.366880 K0.00Na0.34Ca0.66Al1.66Si2.34O8 51.5196 0 31.0334 0 0 0 0 13.5814 3.83164 0.0339385 0
5000.00 1503.15 8.324878 20.749016 -112888.220534 3.133634 10.296468 K0.00Na0.35Ca0.64Al1.64Si2.36O8 51.9329 0 30.7539 0 0 0 0 13.2545 4.01998 0.0387183 0
5000.00 1498.15 12.089066 30.113594 -163960.430081 4.555182 14.948925 K0.00Na0.37Ca0.63Al1.63Si2.37O8 52.3258 0 30.488 0 0 0 0 12.9434 4.19859 0.044112 0
5000.00 1493.15 15.569772 38.758890 -211207.479057 5.872346 19.248645 K0.00Na0.38Ca0.61Al1.61Si2.39O8 52.699 0 30.2354 0 0 0 0 12.6479 4.36766 0.0501292 0
5000.00 1488.15 18.700420 46.519504 -253724.786929 7.059554 23.113468 K0.00Na0.40Ca0.60Al1.60Si2.40O8 53.0571 0 29.9926 0 0 0 0 12.3641 4.52943 0.0567338 0
5000.00 1483.15 21.535024 53.530394 -292243.448635 8.136711 26.610320 K0.00Na0.41Ca0.59Al1.59Si2.41O8 53.4009 0 29.7594 0 0 0 0 12.0915 4.6842 0.0639851 0
5000.00 1478.15 24.116599 59.899135 -327345.531155 9.119674 29.792499 K0.00Na0.42Ca0.57Al1.57Si2.43O8 53.7311 0 29.5353 0 0 0 0 11.8295 4.83224 0.0719524 0
5000.00 1473.15 26.481381 65.716433 -359521.221483 10.021828 32.704900 K0.00Na0.44Ca0.56Al1.56Si2.44O8 54.0484 0 29.3195 0 0 0 0 11.5774 4.97389 0.0807234 0
5000.00 1468.15 28.658530 71.055331 -389164.856117 10.853941 35.383645 K0.01Na0.45Ca0.55Al1.55Si2.45O8 54.3536 0 29.1118 0 0 0 0 11.3348 5.10936 0.0904006 0
5000.00 1463.15 30.672717 75.977635 -416609.960232 11.625133 37.859279 K0.01Na0.46Ca0.54Al1.54Si2.46O8 54.647 0 28.9117 0 0 0 0 11.1013 5.23879 0.101109 0
5000.00 1458.15 32.545896 80.538306 -442153.297568 12.343531 40.158965 K0.01Na0.47Ca0.53Al1.53Si2.47O8 54.929 0 28.7191 0 0 0 0 10.8767 5.3622 0.113007 0
5000.00 1453.15 34.298338 84.787980 -466068.949221 13.016648 42.307748 K0.01Na0.48Ca0.51Al1.51Si2.49O8 55.1994 0 28.534 0 0 0 0 10.6608 5.47945 0.126299 0
5000.00 1448.15 35.948751 88.773153 -488610.013484 13.651410 44.328686 K0.01Na0.49Ca0.50Al1.50Si2.50O8 55.4575 0 28.3568 0 0 0 0 10.4544 5.59004 0.141245 0
5000.00 1443.15 37.510288 92.526065 -509954.770429 14.252579 46.237903 K0.01Na0.50Ca0.49Al1.49Si2.51O8 55.7008 0 28.1891 0 0 0 0 10.2593 5.69263 0.158131 0
5000.00 1438.15 38.970843 96.015471 -529940.280096 14.815124 48.020264 K0.01Na0.50Ca0.49Al1.49Si2.51O8 55.9221 0 28.0358 0 0 0 0 10.0812 5.78391 0.176994 0
5000.00 1433.15 40.245437 99.028979 -547417.144780 15.305933 49.576489 K0.01Na0.51Ca0.48Al1.48Si2.52O8 56.1074 0 27.9066 0 0 0 0 9.93133 5.85791 0.196816 0
5000.00 1428.15 41.196993 101.228004 -560528.008508 15.672098 50.727519 K0.01Na0.51Ca0.47Al1.47Si2.53O8 56.2453 0 27.8096 0 0 0 0 9.81909 5.91093 0.215125 0
5000.00 1423.15 41.818909 102.600555 -569181.542333 15.911143 51.470913 K0.01Na0.52Ca0.47Al1.47Si2.53O8 56.3426 0 27.7406 0 0 0 0 9.73951 5.94708 0.230163 0
5000.00 1418.15 42.208421 103.392188 -574691.158973 16.060665 51.927234 K0.01Na0.52Ca0.47Al1.47Si2.53O8 56.4154 0 27.6888 0 0 0 0 9.67979 5.97355 0.242402 0
5000.00 1413.15 42.454286 103.825115 -578257.336470 16.154858 52.206196 K0.01Na0.52Ca0.46Al1.46Si2.54O8 56.4737 0 27.6472 0 0 0 0 9.63188 5.99446 0.252686 0
5000.00 1408.15 42.613408 104.041080 -580650.561989 16.215569 52.378027 K0.01Na0.52Ca0.46Al1.46Si2.54O8 56.522 0 27.6127 0 0 0 0 9.59214 6.01155 0.261575 0
5000.00 1403.15 43.238098 105.361822 -589418.698573 16.448360 53.116483 K0.02Na0.52Ca0.46Al1.46Si2.54O8 56.4599 0 27.651 0 0 0 0 9.63821 5.97339 0.277543 0
5000.00 1398.15 43.602454 106.049691 -594645.342988 16.583216 53.536200 K0.02Na0.52Ca0.47Al1.47Si2.53O8 56.4247 0 27.6724 0 0 0 0 9.66403 5.95109 0.287783 0
5000.00 1393.15 43.863464 106.484346 -598469.455148 16.678994 53.829160 K0.02Na0.52Ca0.47Al1.47Si2.53O8 56.3961 0 27.6899 0 0 0 0 9.68523 5.93345 0.295254 0
5000.00 1388.15 44.053264 106.744829 -601326.563321 16.747898 54.034806 K0.02Na0.52Ca0.47Al1.47Si2.53O8 56.3729 0 27.7043 0 0 0 0 9.70251 5.91945 0.300791 0
5000.00 1383.15 44.412320 107.403848 -606509.586945 16.879578 54.446360 K0.02Na0.51Ca0.47Al1.47Si2.53O8 56.3177 0 27.7403 0 0 0 0 9.74506 5.89063 0.306332 0
5000.00 1378.15 45.133511 108.915444 -616667.249080 17.145656 55.298292 K0.02Na0.51Ca0.47Al1.47Si2.53O8 56.1978 0 27.8195 0 0 0 0 9.83834 5.83113 0.31322 0
5000.00 1373.15 45.241000 108.968471 -618417.505118 17.183339 55.402353 K0.02Na0.51Ca0.47Al1.47Si2.53O8 56.1795 0 27.8315 0 0 0 0 9.8526 5.8219 0.314471 0
5000.00 1368.15 45.223227 108.724401 -618450.083312 17.174450 55.353791 K0.02Na0.51Ca0.47Al1.47Si2.53O8 56.1821 0 27.8297 0 0 0 0 9.8505 5.82305 0.314594 0
5000.00 1363.15 45.205259 108.479395 -618479.635898 17.165494 55.304855 K0.02Na0.51Ca0.47Al1.47Si2.53O8 56.1848 0 27.8279 0 0 0 0 9.84837 5.82421 0.31472 0
5000.00 1358.15 45.187090 108.233434 -618506.056845 17.156469 55.255533 K0.02Na0.51Ca0.47Al1.47Si2.53O8 56.1875 0 27.8261 0 0 0 0 9.8462 5.82539 0.314846 0
5000.00 1353.15 45.168712 107.986499 -618529.233369 17.147371 55.205816 K0.02Na0.51Ca0.47Al1.47Si2.53O8 56.1903 0 27.8242 0 0 0 0 9.84399 5.8266 0.314974 0
5000.00 1348.15 45.150116 107.738571 -618549.045301 17.138197 55.155691 K0.02Na0.51Ca0.47Al1.47Si2.53O8 56.1931 0 27.8222 0 0 0 0 9.84174 5.82783 0.315104 0
5000.00 1343.15 45.131294 107.489629 -618565.364377 17.128945 55.105148 K0.02Na0.51Ca0.47Al1.47Si2.53O8 56.196 0 27.8203 0 0 0 0 9.83945 5.82908 0.315235 0
5000.00 1338.15 45.112235 107.239651 -618578.053431 17.119611 55.054174 K0.02Na0.51Ca0.47Al1.47Si2.53O8 56.1989 0 27.8183 0 0 0 0 9.83711 5.83036 0.315368 0
5000.00 1333.15 45.092931 106.988613 -618586.965479 17.110190 55.002754 K0.02Na0.51Ca0.47Al1.47Si2.53O8 56.2019 0 27.8162 0 0 0 0 9.83472 5.83166 0.315504 0
5000.00 1328.15 45.073368 106.736490 -618591.942673 17.100680 54.950876 K0.02Na0.51Ca0.47Al1.47Si2.53O8 56.205 0 27.8141 0 0 0 0 9.83228 5.833 0.31564 0
5000.00 1323.15 45.053537 106.483255 -618592.815102 17.091076 54.898523 K0.02Na0.51Ca0.47Al1.47Si2.53O8 56.2081 0 27.812 0 0 0 0 9.82978 5.83436 0.315779 0
5000.00 1318.15 45.033424 106.228880 -618589.399415 17.081374 54.845679 K0.02Na0.51Ca0.47Al1.47Si2.53O8 56.2113 0 27.8098 0 0 0 0 9.82723 5.83577 0.31592 0
5000.00 1313.15 45.013015 105.973334 -618581.497224 17.071567 54.792326 K0.02Na0.51Ca0.47Al1.47Si2.53O8 56.2146 0 27.8075 0 0 0 0 9.82461 5.8372 0.316064 0
5000.00 1308.15 44.992295 105.716479 -618569.029693 17.061648 55.090451 K0.02Na0.51Ca0.47Al1.47Si2.53O8 56.218 0 27.8052 0 0 0 0 9.82191 5.83868 0.316209 0
5000.00 1303.15 44.971251 105.457144 -618553.288471 17.051567 55.037365 K0.02Na0.51Ca0.47Al1.47Si2.53O8 56.2214 0 27.8029 0 0 0 0 9.81915 5.8402 0.316357 0
5000.00 1298.15 44.949866 105.196531 -618532.423994 17.041366 54.983765 K0.02Na0.51Ca0.47Al1.47Si2.53O8 56.225 0 27.8004 0 0 0 0 9.81629 5.84177 0.316508 0
5000.00 1293.15 44.920943 104.918654 -618406.039339 17.028465 54.921062 K0.02Na0.51Ca0.47Al1.47Si2.53O8 56.2318 0 27.7958 0 0 0 0 9.81091 5.84478 0.316711 0
5000.00 1288.15 44.851443 104.550380 -617712.931210 17.001021 54.809863 K0.02Na0.51Ca0.47Al1.47Si2.53O8 56.256 0 27.7794 0 0 0 0 9.79169 5.8557 0.317202 0
5000.00 1283.15 44.782229 104.182675 -617022.851599 16.973689 54.698990 K0.02Na0.51Ca0.47Al1.47Si2.53O8 56.2803 0 27.7629 0 0 0 0 9.77249 5.86662 0.317692 0
5000.00 1278.15 44.713335 103.815604 -616336.251847 16.946480 54.588488 K0.02Na0.51Ca0.47Al1.47Si2.53O8 56.3044 0 27.7465 0 0 0 0 9.75331 5.87753 0.318182 0
5000.00 1273.15 44.644793 103.449232 -615653.580322 16.919407 54.478400 K0.02Na0.51Ca0.47Al1.47Si2.53O8 56.3286 0 27.7302 0 0 0 0 9.73416 5.88841 0.31867 0
5000.00 1268.15 44.576633 103.083622 -614975.281700 16.892480 54.368769 K0.02Na0.51Ca0.47Al1.47Si2.53O8 56.3527 0 27.7138 0 0 0 0 9.71504 5.89928 0.319158 0
5000.00 1263.15 44.508886 102.718837 -614301.796252 16.865710 54.259639 K0.02Na0.51Ca0.47Al1.47Si2.53O8 56.3768 0 27.6975 0 0 0 0 9.69597 5.91012 0.319644 0
5000.00 1258.15 44.441585 102.354936 -613633.559127 16.839110 54.151054 K0.02Na0.52Ca0.47Al1.47Si2.53O8 56.4008 0 27.6812 0 0 0 0 9.67696 5.92093 0.320128 0
5000.00 1253.15 44.374758 101.991979 -612970.999657 16.812689 54.043057 K0.02Na0.52Ca0.46Al1.46Si2.54O8 56.4247 0 27.665 0 0 0 0 9.658 5.9317 0.32061 0
5000.00 1248.15 44.308435 101.630021 -612314.540664 16.786459 53.935690 K0.02Na0.52Ca0.46Al1.46Si2.54O8 56.4485 0 27.6489 0 0 0 0 9.63912 5.94244 0.32109 0
5000.00 1243.15 44.242646 101.269119 -611664.597786 16.760431 53.828998 K0.02Na0.52Ca0.46Al1.46Si2.54O8 56.4722 0 27.6328 0 0 0 0 9.62031 5.95314 0.321567 0
5000.00 1238.15 44.177419 100.909323 -611021.578820 16.734614 53.723024 K0.02Na0.52Ca0.46Al1.46Si2.54O8 56.4958 0 27.6168 0 0 0 0 9.60158 5.96378 0.322042 0
5000.00 1233.15 44.112782 100.550686 -610385.883083 16.709018 53.617811 K0.02Na0.52Ca0.46Al1.46Si2.54O8 56.5193 0 27.6008 0 0 0 0 9.58294 5.97438 0.322514 0
5000.00 1228.15 44.048762 100.193256 -609757.900795 16.683654 53.513401 K0.02Na0.52Ca0.46Al1.46Si2.54O8 56.5427 0 27.585 0 0 0 0 9.56441 5.98492 0.322982 0
5000.00 1223.15 43.985385 99.837078 -609138.012482 16.658531 53.409839 K0.02Na0.52Ca0.46Al1.46Si2.54O8 56.566 0 27.5692 0 0 0 0 9.54597 5.99541 0.323448 0
5000.00 1218.15 43.922677 99.482197 -608526.588412 16.633658 53.307169 K0.02Na0.52Ca0.46Al1.46Si2.54O8 56.5891 0 27.5535 0 0 0 0 9.52765 6.00582 0.32391 0
5000.00 1213.15 43.860663 99.128654 -607923.988054 16.609044 53.205433 K0.02Na0.52Ca0.46Al1.46Si2.54O8 56.612 0 27.538 0 0 0 0 9.50945 6.01618 0.324368 0
5000.00 1208.15 43.799367 98.776487 -607330.559563 16.584698 53.104676 K0.02Na0.52Ca0.46Al1.46Si2.54O8 56.6349 0 27.5225 0 0 0 0 9.49137 6.02646 0.324822 0
5000.00 1203.15 43.738812 98.425733 -606746.639304 16.560628 53.004943 K0.02Na0.53Ca0.46Al1.46Si2.54O8 56.6575 0 27.5071 0 0 0 0 9.47343 6.03666 0.325271 0
5000.00 1198.15 43.679020 98.076425 -606172.551400 16.536843 52.906279 K0.02Na0.53Ca0.45Al1.45Si2.55O8 56.6799 0 27.4919 0 0 0 0 9.45563 6.04679 0.325717 0
5000.00 1193.15 43.620012 97.728595 -605608.607322 16.513349 52.808730 K0.02Na0.53Ca0.45Al1.45Si2.55O8 56.7022 0 27.4768 0 0 0 0 9.43797 6.05683 0.326157 0
5000.00 1188.15 43.561808 97.382269 -605055.105505 16.490154 52.712344 K0.02Na0.53Ca0.45Al1.45Si2.55O8 56.7243 0 27.4618 0 0 0 0 9.42046 6.06679 0.326593 0
5000.00 1183.15 43.504428 97.037474 -604512.331008 16.467264 52.617168 K0.02Na0.53Ca0.45Al1.45Si2.55O8 56.7462 0 27.447 0 0 0 0 9.40311 6.07666 0.327024 0
5000.00 1178.15 43.447889 96.694232 -603980.555202 16.444688 52.523252 K0.02Na0.53Ca0.45Al1.45Si2.55O8 56.7679 0 27.4323 0 0 0 0 9.38593 6.08644 0.327449 0
5000.00 1173.15 43.392210 96.352562 -603460.035507 16.422429 52.430649 K0.02Na0.53Ca0.45Al1.45Si2.55O8 56.7893 0 27.4178 0 0 0 0 9.36891 6.09613 0.327869 0
5000.00 1168.15 43.337406 96.012481 -602951.015155 16.400495 52.339413 K0.02Na0.53Ca0.45Al1.45Si2.55O8 56.8106 0 27.4033 0 0 0 0 9.35207 6.10571 0.328284 0
5000.00 1163.15 43.291728 95.691231 -602569.937983 16.381827 52.259233 K0.02Na0.53Ca0.45Al1.45Si2.55O8 56.8276 0 27.3918 0 0 0 0 9.33857 6.11338 0.32863 0
5000.00 1158.15 43.272468 95.424732 -602561.118100 16.372589 52.210331 K0.02Na0.53Ca0.45Al1.45Si2.55O8 56.8319 0 27.3889 0 0 0 0 9.33517 6.11527 0.328777 0
5000.00 1153.15 43.253256 95.157663 -602552.636697 16.363370 52.161880 K0.02Na0.53Ca0.45Al1.45Si2.55O8 56.8361 0 27.386 0 0 0 0 9.33181 6.11714 0.328923 0
5000.00 1148.15 43.234092 94.890014 -602544.480901 16.354169 52.113932 K0.02Na0.53Ca0.45Al1.45Si2.55O8 56.8403 0 27.3832 0 0 0 0 9.32848 6.11899 0.329068 0
5000.00 1143.15 43.214975 94.621772 -602536.637283 16.344987 52.066550 K0.02Na0.53Ca0.45Al1.45Si2.55O8 56.8444 0 27.3803 0 0 0 0 9.32519 6.12082 0.329214 0

olivine_0 thermodynamic data and composition:
Pressure Temperature mass S H V Cp formula SiO2 TiO2 Al2O3 Fe2O3 FeO MnO MgO CaO Na2O K2O P2O5
5000.00 1383.15 0.165674 0.367417 -1464.510938 0.043937 0.176296 (Ca0.01Mg0.39Fe''0.44Mn0.17Co0.00Ni0.00)2SiO4 33.567 0 0 0 35.5058 13.1596 17.3084 0.459155 0 0 0
5000.00 1378.15 0.570013 1.259693 -5000.920213 0.150666 0.603690 (Ca0.01Mg0.38Fe''0.44Mn0.18Co0.00Ni0.00)2SiO4 33.4142 0 0 0 35.2677 14.2311 16.629 0.458025 0 0 0
5000.00 1373.15 0.636173 1.402927 -5575.295815 0.168005 0.672921 (Ca0.01Mg0.38Fe''0.44Mn0.18Co0.00Ni0.00)2SiO4 33.3849 0 0 0 35.2712 14.3916 16.5022 0.450171 0 0 0
5000.00 1368.15 0.645173 1.420155 -5655.204886 0.170313 0.682078 (Ca0.01Mg0.38Fe''0.44Mn0.18Co0.00Ni0.00)2SiO4 33.3805 0 0 0 35.3412 14.35 16.4871 0.441132 0 0 0
5000.00 1363.15 0.654130 1.437204 -5734.683986 0.172607 0.691173 (Ca0.01Mg0.37Fe''0.44Mn0.18Co0.00Ni0.00)2SiO4 33.3759 0 0 0 35.4114 14.3097 16.4708 0.432226 0 0 0
5000.00 1358.15 0.663040 1.454065 -5813.698165 0.174886 0.700202 (Ca0.01Mg0.37Fe''0.44Mn0.18Co0.00Ni0.00)2SiO4 33.371 0 0 0 35.4816 14.2705 16.4534 0.423453 0 0 0
5000.00 1353.15 0.671900 1.470731 -5892.211103 0.177149 0.709160 (Ca0.01Mg0.37Fe''0.45Mn0.18Co0.00Ni0.00)2SiO4 33.3658 0 0 0 35.552 14.2326 16.4348 0.414811 0 0 0
5000.00 1348.15 0.680707 1.487194 -5970.185036 0.179395 0.718044 (Ca0.01Mg0.37Fe''0.45Mn0.18Co0.00Ni0.00)2SiO4 33.3604 0 0 0 35.6224 14.196 16.415 0.4063 0 0 0
5000.00 1343.15 0.689456 1.503446 -6047.580658 0.181623 0.726850 (Ca0.01Mg0.37Fe''0.45Mn0.18Co0.00Ni0.00)2SiO4 33.3547 0 0 0 35.6928 14.1607 16.3939 0.397919 0 0 0
5000.00 1338.15 0.698144 1.519479 -6124.357033 0.183833 0.735573 (Ca0.01Mg0.37Fe''0.45Mn0.18Co0.00Ni0.00)2SiO4 33.3487 0 0 0 35.7634 14.1268 16.3715 0.389666 0 0 0
5000.00 1333.15 0.706767 1.535284 -6200.471474 0.186022 0.744208 (Ca0.01Mg0.37Fe''0.45Mn0.18Co0.00Ni0.00)2SiO4 33.3424 0 0 0 35.8339 14.0944 16.3477 0.381542 0 0 0
5000.00 1328.15 0.715321 1.550852 -6275.879422 0.188190 0.752751 (Ca0.01Mg0.37Fe''0.45Mn0.18Co0.00Ni0.00)2SiO4 33.3359 0 0 0 35.9045 14.0635 16.3226 0.373545 0 0 0
5000.00 1323.15 0.723801 1.566174 -6350.534302 0.190335 0.761196 (Ca0.01Mg0.37Fe''0.45Mn0.18Co0.00Ni0.00)2SiO4 33.329 0 0 0 35.9751 14.0342 16.296 0.365674 0 0 0
5000.00 1318.15 0.732202 1.581239 -6424.387360 0.192457 0.769538 (Ca0.01Mg0.37Fe''0.45Mn0.18Co0.00Ni0.00)2SiO4 33.3217 0 0 0 36.0458 14.0066 16.268 0.357929 0 0 0
5000.00 1313.15 0.740519 1.596038 -6497.387476 0.194553 0.777773 (Ca0.01Mg0.37Fe''0.45Mn0.18Co0.00Ni0.00)2SiO4 33.3142 0 0 0 36.1164 13.9808 16.2384 0.350309 0 0 0
5000.00 1308.15 0.748749 1.610559 -6569.481019 0.196623 0.785893 (Ca0.01Mg0.37Fe''0.45Mn0.18Co0.00Ni0.00)2SiO4 33.3063 0 0 0 36.1869 13.9568 16.2072 0.342812 0 0 0
5000.00 1303.15 0.756886 1.624796 -6640.624729 0.198666 0.793895 (Ca0.01Mg0.37Fe''0.46Mn0.18Co0.00Ni0.00)2SiO4 33.298 0 0 0 36.2575 13.9347 16.1744 0.335439 0 0 0
5000.00 1298.15 0.764926 1.638739 -6710.769334 0.200680 0.801773 (Ca0.01Mg0.37Fe''0.46Mn0.18Co0.00Ni0.00)2SiO4 33.2894 0 0 0 36.3279 13.9147 16.1398 0.328188 0 0 0
5000.00 1293.15 0.772590 1.651705 -6775.769562 0.202572 0.809133 (Ca0.01Mg0.37Fe''0.46Mn0.18Co0.00Ni0.00)2SiO4 33.2757 0 0 0 36.3933 13.9266 16.0831 0.32126 0 0 0
5000.00 1288.15 0.778557 1.660481 -6816.209580 0.203910 0.814119 (Ca0.01Mg0.36Fe''0.46Mn0.18Co0.00Ni0.00)2SiO4 33.2362 0 0 0 36.4285 14.1091 15.9107 0.315544 0 0 0
5000.00 1283.15 0.784342 1.668801 -6854.917102 0.205197 0.818894 (Ca0.01Mg0.36Fe''0.46Mn0.18Co0.00Ni0.00)2SiO4 33.1966 0 0 0 36.4605 14.2946 15.7384 0.30988 0 0 0
5000.00 1278.15 0.789946 1.676673 -6891.935425 0.206435 0.823463 (Ca0.00Mg0.35Fe''0.46Mn0.18Co0.00Ni0.00)2SiO4 33.1572 0 0 0 36.4891 14.4832 15.5662 0.304267 0 0 0
5000.00 1273.15 0.795374 1.684108 -6927.307863 0.207625 0.827829 (Ca0.00Mg0.35Fe''0.46Mn0.19Co0.00Ni0.00)2SiO4 33.1177 0 0 0 36.5144 14.6749 15.3942 0.298705 0 0 0
5000.00 1268.15 0.800629 1.691115 -6961.077721 0.208767 0.831997 (Ca0.00Mg0.35Fe''0.46Mn0.19Co0.00Ni0.00)2SiO4 33.0784 0 0 0 36.5362 14.8698 15.2224 0.293192 0 0 0
5000.00 1263.15 0.805714 1.697704 -6993.288281 0.209863 0.835973 (Ca0.00Mg0.34Fe''0.46Mn0.19Co0.00Ni0.00)2SiO4 33.0391 0 0 0 36.5546 15.0677 15.0509 0.287731 0 0 0
5000.00 1258.15 0.810632 1.703884 -7023.982772 0.210914 0.839760 (Ca0.00Mg0.34Fe''0.46Mn0.20Co0.00Ni0.00)2SiO4 32.9999 0 0 0 36.5694 15.2687 14.8797 0.282319 0 0 0
5000.00 1253.15 0.815388 1.709666 -7053.204346 0.211922 0.843364 (Ca0.00Mg0.34Fe''0.46Mn0.20Co0.00Ni0.00)2SiO4 32.9608 0 0 0 36.5805 15.4729 14.7089 0.276957 0 0 0
5000.00 1248.15 0.819983 1.715059 -7080.996058 0.212886 0.846788 (Ca0.00Mg0.33Fe''0.46Mn0.20Co0.00Ni0.00)2SiO4 32.9218 0 0 0 36.588 15.6801 14.5384 0.271644 0 0 0
5000.00 1243.15 0.824423 1.720072 -7107.400831 0.213809 0.850038 (Ca0.00Mg0.33Fe''0.47Mn0.20Co0.00Ni0.00)2SiO4 32.8829 0 0 0 36.5917 15.8905 14.3684 0.266381 0 0 0
5000.00 1238.15 0.828710 1.724716 -7132.461432 0.214691 0.853117 (Ca0.00Mg0.33Fe''0.47Mn0.21Co0.00Ni0.00)2SiO4 32.8442 0 0 0 36.5917 16.104 14.1989 0.261168 0 0 0
5000.00 1233.15 0.832848 1.729000 -7156.220443 0.215534 0.856031 (Ca0.00Mg0.32Fe''0.47Mn0.21Co0.00Ni0.00)2SiO4 32.8056 0 0 0 36.5879 16.3206 14.0299 0.256004 0 0 0
5000.00 1228.15 0.836840 1.732933 -7178.720231 0.216338 0.858783 (Ca0.00Mg0.32Fe''0.47Mn0.21Co0.00Ni0.00)2SiO4 32.7671 0 0 0 36.5802 16.5402 13.8615 0.250889 0 0 0
5000.00 1223.15 0.840690 1.736526 -7200.002917 0.217106 0.861380 (Ca0.00Mg0.32Fe''0.47Mn0.22Co0.00Ni0.00)2SiO4 32.7288 0 0 0 36.5687 16.763 13.6937 0.245824 0 0 0
5000.00 1218.15 0.844401 1.739786 -7220.110350 0.217836 0.863824 (Ca0.00Mg0.31Fe''0.47Mn0.22Co0.00Ni0.00)2SiO4 32.6907 0 0 0 36.5532 16.9888 13.5265 0.240808 0 0 0
5000.00 1213.15 0.847977 1.742725 -7239.084074 0.218532 0.866121 (Ca0.00Mg0.31Fe''0.47Mn0.22Co0.00Ni0.00)2SiO4 32.6527 0 0 0 36.5337 17.2177 13.36 0.235842 0 0 0
5000.00 1208.15 0.851421 1.745351 -7256.965295 0.219194 0.868275 (Ca0.00Mg0.31Fe''0.47Mn0.23Co0.00Ni0.00)2SiO4 32.6149 0 0 0 36.5103 17.4497 13.1942 0.230925 0 0 0
5000.00 1203.15 0.854738 1.747673 -7273.794859 0.219823 0.870291 (Ca0.00Mg0.30Fe''0.47Mn0.23Co0.00Ni0.00)2SiO4 32.5773 0 0 0 36.4829 17.6846 13.0291 0.226057 0 0 0
5000.00 1198.15 0.857930 1.749700 -7289.613218 0.220420 0.872172 (Ca0.00Mg0.30Fe''0.47Mn0.23Co0.00Ni0.00)2SiO4 32.5399 0 0 0 36.4514 17.9225 12.8649 0.221239 0 0 0
5000.00 1193.15 0.861001 1.751442 -7304.460400 0.220986 0.873924 (Ca0.00Mg0.29Fe''0.47Mn0.24Co0.00Ni0.00)2SiO4 32.5027 0 0 0 36.4159 18.1634 12.7014 0.216471 0 0 0
5000.00 1188.15 0.863954 1.752909 -7318.375987 0.221522 0.875551 (Ca0.00Mg0.29Fe''0.47Mn0.24Co0.00Ni0.00)2SiO4 32.4657 0 0 0 36.3764 18.4073 12.5388 0.211753 0 0 0
5000.00 1183.15 0.866794 1.754107 -7331.399080 0.222030 0.877056 (Ca0.00Mg0.29Fe''0.47Mn0.24Co0.00Ni0.00)2SiO4 32.429 0 0 0 36.3328 18.654 12.3771 0.207086 0 0 0
5000.00 1178.15 0.869523 1.755047 -7343.568280 0.222510 0.878445 (Ca0.00Mg0.28Fe''0.47Mn0.25Co0.00Ni0.00)2SiO4 32.3924 0 0 0 36.2851 18.9036 12.2163 0.202468 0 0 0
5000.00 1173.15 0.872145 1.755738 -7354.921661 0.222964 0.879722 (Ca0.00Mg0.28Fe''0.47Mn0.25Co0.00Ni0.00)2SiO4 32.3561 0 0 0 36.2334 19.1561 12.0565 0.197901 0 0 0
5000.00 1168.15 0.874664 1.756187 -7365.496742 0.223391 0.880891 (Ca0.00Mg0.28Fe''0.47Mn0.25Co0.00Ni0.00)2SiO4 32.3201 0 0 0 36.1776 19.4113 11.8976 0.193385 0 0 0
5000.00 1163.15 0.877261 1.756921 -7379.452844 0.223869 0.882323 (Ca0.00Mg0.27Fe''0.47Mn0.26Co0.00Ni0.00)2SiO4 32.2916 0 0 0 36.1565 19.5904 11.7728 0.188834 0 0 0
5000.00 1158.15 0.880362 1.759135 -7405.936159 0.224569 0.884851 (Ca0.00Mg0.27Fe''0.47Mn0.26Co0.00Ni0.00)2SiO4 32.2862 0 0 0 36.2561 19.5214 11.7523 0.184081 0 0 0
5000.00 1153.15 0.883428 1.761231 -7432.023091 0.225258 0.887330 (Ca0.00Mg0.27Fe''0.47Mn0.26Co0.00Ni0.00)2SiO4 32.2805 0 0 0 36.3558 19.4536 11.7307 0.179409 0 0 0
5000.00 1148.15 0.886458 1.763207 -7457.693482 0.225935 0.889758 (Ca0.00Mg0.27Fe''0.47Mn0.25Co0.00Ni0.00)2SiO4 32.2747 0 0 0 36.4554 19.3871 11.708 0.174818 0 0 0
5000.00 1143.15 0.889448 1.765057 -7482.926899 0.226601 0.892132 (Ca0.00Mg0.27Fe''0.47Mn0.25Co0.00Ni0.00)2SiO4 32.2686 0 0 0 36.555 19.3219 11.6842 0.170307 0 0 0

clinopyroxene_2 thermodynamic data and composition:
Pressure Temperature mass S H V Cp structure formula SiO2 TiO2 Al2O3 Fe2O3 FeO MnO MgO CaO Na2O K2O P2O5
5000.00 1293.15 0.091932 0.195647 -1130.930594 0.026278 0.102174 cpx Na0.04Ca0.91Fe''0.25Mg0.42Fe'''0.07Ti0.33Al0.67Si1.32O6 34.1265 11.4569 14.6415 2.43507 7.61455 0 7.30496 21.8993 0.521179 0 0
5000.00 1288.15 0.690589 1.466205 -8501.651862 0.197310 0.767085 cpx Na0.04Ca0.91Fe''0.25Mg0.42Fe'''0.07Ti0.34Al0.67Si1.31O6 34.0323 11.5352 14.7177 2.39164 7.60834 0 7.26709 21.9276 0.520144 0 0
5000.00 1283.15 1.267735 2.685157 -15618.077691 0.362043 1.407359 cpx Na0.04Ca0.91Fe''0.25Mg0.42Fe'''0.07Ti0.34Al0.67Si1.31O6 33.9396 11.6123 14.7932 2.3483 7.60232 0 7.22992 21.9553 0.519109 0 0
5000.00 1278.15 1.824592 3.855398 -22494.682002 0.520837 2.024396 cpx Na0.04Ca0.91Fe''0.25Mg0.41Fe'''0.07Ti0.34Al0.68Si1.31O6 33.8482 11.6883 14.8679 2.30507 7.59647 0 7.19343 21.9825 0.518072 0 0
5000.00 1273.15 2.362271 4.979564 -29144.614039 0.674019 2.619466 cpx Na0.04Ca0.91Fe''0.25Mg0.41Fe'''0.07Ti0.34Al0.68Si1.30O6 33.7582 11.7632 14.942 2.26196 7.59079 0 7.15761 22.0092 0.517033 0 0
5000.00 1268.15 2.881781 6.060065 -35579.850345 0.821888 3.193730 cpx Na0.04Ca0.91Fe''0.25Mg0.41Fe'''0.06Ti0.34Al0.68Si1.30O6 33.6696 11.8371 15.0154 2.219 7.58524 0 7.12244 22.0353 0.515992 0 0
5000.00 1263.15 3.384050 7.099104 -41811.326396 0.964717 3.748246 cpx Na0.04Ca0.91Fe''0.24Mg0.41Fe'''0.06Ti0.35Al0.69Si1.30O6 33.5821 11.91 15.0882 2.1762 7.57981 0 7.0879 22.0609 0.514948 0 0
5000.00 1258.15 3.869924 8.098706 -47849.051042 1.102754 4.283986 cpx Na0.04Ca0.91Fe''0.24Mg0.41Fe'''0.06Ti0.35Al0.69Si1.29O6 33.4959 11.9818 15.1603 2.13357 7.57448 0 7.05397 22.086 0.513901 0 0
5000.00 1253.15 4.340181 9.060733 -53702.206349 1.236231 4.801843 cpx Na0.04Ca0.92Fe''0.24Mg0.40Fe'''0.06Ti0.35Al0.69Si1.29O6 33.4109 12.0528 15.2318 2.09114 7.56925 0 7.02065 22.1107 0.51285 0 0
5000.00 1248.15 4.795537 9.986905 -59379.235006 1.365358 5.302637 cpx Na0.04Ca0.92Fe''0.24Mg0.40Fe'''0.06Ti0.35Al0.70Si1.29O6 33.327 12.1227 15.3027 2.04893 7.56409 0 6.9879 22.1349 0.511794 0 0
5000.00 1243.15 5.236655 10.878809 -64887.917068 1.490330 5.787127 cpx Na0.04Ca0.92Fe''0.24Mg0.40Fe'''0.06Ti0.35Al0.70Si1.29O6 33.2442 12.1918 15.373 2.00694 7.55899 0 6.95573 22.1587 0.510734 0 0
5000.00 1238.15 5.664144 11.737919 -70235.437551 1.611329 6.256014 cpx Na0.04Ca0.92Fe''0.24Mg0.40Fe'''0.06Ti0.36Al0.70Si1.28O6 33.1624 12.26 15.4427 1.96519 7.55394 0 6.92411 22.182 0.509669 0 0
5000.00 1233.15 6.078572 12.565601 -75428.446128 1.728521 6.709947 cpx Na0.04Ca0.92Fe''0.24Mg0.40Fe'''0.06Ti0.36Al0.71Si1.28O6 33.0817 12.3273 15.5119 1.9237 7.54892 0 6.89304 22.2049 0.508599 0 0
5000.00 1228.15 6.480464 13.363129 -80473.109993 1.842062 7.149530 cpx Na0.04Ca0.92Fe''0.24Mg0.40Fe'''0.05Ti0.36Al0.71Si1.28O6 33.002 12.3937 15.5804 1.88248 7.54394 0 6.8625 22.2274 0.507522 0 0
5000.00 1223.15 6.870309 14.131690 -85375.160776 1.952096 7.575324 cpx Na0.04Ca0.92Fe''0.24Mg0.39Fe'''0.05Ti0.36Al0.71Si1.27O6 32.9232 12.4593 15.6485 1.84156 7.53896 0 6.83249 22.2495 0.50644 0 0
5000.00 1218.15 7.248566 14.872394 -90139.936298 2.058759 7.987853 cpx Na0.04Ca0.92Fe''0.24Mg0.39Fe'''0.05Ti0.36Al0.72Si1.27O6 32.8454 12.5241 15.716 1.80094 7.534 0 6.80298 22.2713 0.50535 0 0
5000.00 1213.15 7.615659 15.586281 -94772.417790 2.162176 8.387607 cpx Na0.04Ca0.92Fe''0.24Mg0.39Fe'''0.05Ti0.37Al0.72Si1.27O6 32.7685 12.5881 15.7829 1.76064 7.52902 0 6.77396 22.2926 0.504254 0 0
5000.00 1208.15 7.971989 16.274327 -99277.263159 2.262466 8.775045 cpx Na0.04Ca0.92Fe''0.24Mg0.39Fe'''0.05Ti0.37Al0.72Si1.26O6 32.6925 12.6513 15.8493 1.72067 7.52404 0 6.74544 22.3136 0.503149 0 0
5000.00 1203.15 8.317930 16.937450 -103658.836751 2.359739 9.150596 cpx Na0.04Ca0.93Fe''0.24Mg0.39Fe'''0.05Ti0.37Al0.73Si1.26O6 32.6174 12.7137 15.9152 1.68105 7.51904 0 6.71739 22.3342 0.502037 0 0
5000.00 1198.15 8.653835 17.576515 -107921.236055 2.454100 9.514666 cpx Na0.04Ca0.93Fe''0.24Mg0.39Fe'''0.05Ti0.37Al0.73Si1.26O6 32.5431 12.7753 15.9806 1.64178 7.514 0 6.68981 22.3545 0.500917 0 0
5000.00 1193.15 8.980036 18.192338 -112068.315676 2.545648 9.867635 cpx Na0.04Ca0.93Fe''0.24Mg0.38Fe'''0.05Ti0.37Al0.73Si1.26O6 32.4696 12.8362 16.0454 1.6029 7.50893 0 6.66269 22.3745 0.499787 0 0
5000.00 1188.15 9.296847 18.785693 -116103.708906 2.634474 10.209863 cpx Na0.04Ca0.93Fe''0.24Mg0.38Fe'''0.05Ti0.38Al0.73Si1.25O6 32.3969 12.8964 16.1098 1.5644 7.50382 0 6.63601 22.3941 0.498649 0 0
5000.00 1183.15 9.604564 19.357311 -120030.847153 2.720667 10.541691 cpx Na0.04Ca0.93Fe''0.24Mg0.38Fe'''0.04Ti0.38Al0.74Si1.25O6 32.325 12.9558 16.1736 1.5263 7.49866 0 6.60977 22.4134 0.497501 0 0
5000.00 1178.15 9.903468 19.907886 -123852.977466 2.804309 10.863440 cpx Na0.04Ca0.93Fe''0.24Mg0.38Fe'''0.04Ti0.38Al0.74Si1.25O6 32.2538 13.0145 16.2369 1.48861 7.49345 0 6.58396 22.4323 0.496344 0 0
5000.00 1173.15 10.193825 20.438081 -127573.178348 2.885479 11.175416 cpx Na0.04Ca0.93Fe''0.24Mg0.38Fe'''0.04Ti0.38Al0.74Si1.25O6 32.1834 13.0725 16.2997 1.45134 7.48817 0 6.55858 22.451 0.495176 0 0
5000.00 1168.15 10.475889 20.948525 -131194.374071 2.964253 11.477912 cpx Na0.04Ca0.93Fe''0.24Mg0.38Fe'''0.04Ti0.38Al0.75Si1.24O6 32.1137 13.1299 16.3621 1.4145 7.48283 0 6.5336 22.4694 0.493997 0 0
5000.00 1163.15 10.684293 21.309175 -133898.276487 3.022150 11.699489 cpx Na0.04Ca0.93Fe''0.24Mg0.38Fe'''0.04Ti0.38Al0.75Si1.24O6 32.0423 13.1862 16.4267 1.38132 7.47383 0 6.50941 22.4874 0.492775 0 0
5000.00 1158.15 10.682182 21.249405 -133969.081281 3.020506 11.690794 cpx Na0.04Ca0.93Fe''0.24Mg0.37Fe'''0.04Ti0.39Al0.75Si1.24O6 31.9642 13.2409 16.4995 1.35854 7.45363 0 6.4868 22.505 0.491431 0 0
5000.00 1153.15 10.680048 21.189456 -134039.123920 3.018865 11.682039 cpx Na0.04Ca0.93Fe''0.24Mg0.37Fe'''0.04Ti0.39Al0.76Si1.23O6 31.887 13.295 16.5715 1.33589 7.43375 0 6.46452 22.5223 0.490063 0 0
5000.00 1148.15 10.677886 21.129318 -134108.363785 3.017224 11.673218 cpx Na0.04Ca0.93Fe''0.24Mg0.37Fe'''0.04Ti0.39Al0.76Si1.23O6 31.8106 13.3485 16.6426 1.3134 7.41418 0 6.44258 22.5394 0.488672 0 0
5000.00 1143.15 10.675693 21.068986 -134176.763276 3.015584 11.664327 cpx Na0.04Ca0.94Fe''0.24Mg0.37Fe'''0.04Ti0.39Al0.76Si1.23O6 31.7351 13.4014 16.713 1.29106 7.39491 0 6.42096 22.5563 0.487258 0 0

clinopyroxene_0 thermodynamic data and composition:
Pressure Temperature mass S H V Cp structure formula SiO2 TiO2 Al2O3 Fe2O3 FeO MnO MgO CaO Na2O K2O P2O5
5000.00 1533.15 1.524313 3.694596 -19123.913983 0.472286 1.842995 cpx Na0.02Ca0.64Fe''0.22Mg1.01Fe'''0.03Ti0.01Al0.20Si1.89O6 51.7536 0.307877 4.59911 1.14968 7.09205 0 18.512 16.3408 0.244841 0 0
5000.00 1528.15 4.378391 10.582736 -54912.578182 1.354931 5.280708 cpx Na0.02Ca0.65Fe''0.22Mg0.98Fe'''0.03Ti0.01Al0.21Si1.88O6 51.4888 0.345464 4.84617 1.21267 7.07197 0 18.0452 16.7294 0.260239 0 0
5000.00 1523.15 7.129738 17.191259 -89357.113092 2.203533 8.581584 cpx Na0.02Ca0.66Fe''0.22Mg0.96Fe'''0.03Ti0.01Al0.22Si1.87O6 51.2441 0.382237 5.07938 1.27125 7.12129 0 17.6748 16.9526 0.274361 0 0
5000.00 1518.15 9.777609 23.523117 -122435.590689 3.017907 11.747185 cpx Na0.02Ca0.67Fe''0.22Mg0.95Fe'''0.04Ti0.01Al0.23Si1.87O6 51.0086 0.419539 5.30585 1.32774 7.20468 0 17.3516 17.0939 0.288053 0 0
5000.00 1513.15 12.389773 29.746752 -154966.392885 3.818930 14.861707 cpx Na0.02Ca0.67Fe''0.22Mg0.93Fe'''0.04Ti0.01Al0.24Si1.86O6 50.79 0.456727 5.51247 1.38088 7.33528 0 17.0832 17.1404 0.301087 0 0
5000.00 1508.15 15.971536 38.332202 -198890.476047 4.913529 19.161357 cpx Na0.02Ca0.64Fe''0.24Mg0.95Fe'''0.04Ti0.01Al0.23Si1.86O6 50.7829 0.473876 5.42912 1.39668 7.98085 0 17.296 16.3371 0.303493 0 0
5000.00 1503.15 19.226084 46.111894 -238350.947917 5.902950 23.061078 cpx Na0.02Ca0.61Fe''0.26Mg0.95Fe'''0.04Ti0.01Al0.23Si1.86O6 50.7518 0.493822 5.35636 1.41793 8.61727 0 17.4407 15.6165 0.305581 0 0
5000.00 1498.15 21.406185 51.266777 -264384.316215 6.559773 25.648079 cpx Na0.02Ca0.60Fe''0.28Mg0.95Fe'''0.04Ti0.01Al0.23Si1.86O6 50.6663 0.52667 5.32051 1.45384 9.10716 0 17.3967 15.2173 0.31146 0 0
5000.00 1493.15 21.662755 51.750529 -266946.375600 6.627498 25.895125 cpx Na0.02Ca0.60Fe''0.29Mg0.94Fe'''0.04Ti0.02Al0.23Si1.86O6 50.4993 0.584965 5.34639 1.51396 9.32293 0 17.0723 15.3348 0.325408 0 0
5000.00 1488.15 21.907968 52.202770 -269384.956687 6.691625 26.126796 cpx Na0.02Ca0.61Fe''0.29Mg0.92Fe'''0.04Ti0.02Al0.23Si1.86O6 50.3253 0.648534 5.37811 1.57592 9.52051 0 16.7437 15.4682 0.339723 0 0
5000.00 1483.15 22.155841 52.657247 -271871.443955 6.756422 26.359992 cpx Na0.03Ca0.62Fe''0.30Mg0.90Fe'''0.05Ti0.02Al0.24Si1.85O6 50.1441 0.717906 5.41552 1.63976 9.70117 0 16.4123 15.6148 0.354393 0 0
5000.00 1478.15 22.412556 53.128746 -274480.012910 6.823745 26.602142 cpx Na0.03Ca0.63Fe''0.31Mg0.89Fe'''0.05Ti0.02Al0.24Si1.85O6 49.9555 0.793614 5.45844 1.70552 9.86607 0 16.0793 15.7722 0.369398 0 0
5000.00 1473.15 22.679140 53.619659 -277221.181693 6.893869 26.854475 cpx Na0.03Ca0.63Fe''0.31Mg0.87Fe'''0.05Ti0.02Al0.24Si1.84O6 49.759 0.876172 5.50662 1.77314 10.0164 0 15.7457 15.9383 0.384704 0 0
5000.00 1468.15 22.953925 54.125976 -280072.977510 6.966258 27.115034 cpx Na0.03Ca0.64Fe''0.32Mg0.85Fe'''0.05Ti0.03Al0.24Si1.84O6 49.5547 0.966021 5.55976 1.84249 10.153 0 15.4125 16.1113 0.400258 0 0
5000.00 1463.15 23.233513 54.639643 -282992.716172 7.039857 27.379859 cpx Na0.03Ca0.65Fe''0.32Mg0.84Fe'''0.05Ti0.03Al0.25Si1.84O6 49.3425 1.06345 5.61741 1.91329 10.2772 0 15.0807 16.2895 0.415977 0 0
5000.00 1458.15 23.513367 55.150031 -285924.253479 7.113288 27.643726 cpx Na0.03Ca0.66Fe''0.32Mg0.82Fe'''0.06Ti0.03Al0.25Si1.83O6 49.1231 1.16843 5.67879 1.98508 10.3901 0 14.7515 16.4712 0.431738 0 0
5000.00 1453.15 23.788139 55.644759 -288801.844891 7.184951 27.900570 cpx Na0.03Ca0.67Fe''0.33Mg0.80Fe'''0.06Ti0.04Al0.25Si1.83O6 48.8979 1.28044 5.74263 2.05712 10.4933 0 14.4266 16.6545 0.447359 0 0
5000.00 1448.15 24.051816 56.110109 -291551.942704 7.253082 28.143713 cpx Na0.03Ca0.67Fe''0.33Mg0.79Fe'''0.06Ti0.04Al0.26Si1.82O6 48.6695 1.39812 5.80695 2.12825 10.5895 0 14.1081 16.837 0.462564 0 0
5000.00 1443.15 24.298228 56.532242 -294099.689735 7.315917 28.366462 cpx Na0.03Ca0.68Fe''0.33Mg0.77Fe'''0.06Ti0.04Al0.26Si1.81O6 48.4416 1.51911 5.86928 2.1969 10.6814 0 13.7988 17.016 0.476953 0 0
5000.00 1438.15 24.523622 56.903043 -296403.040830 7.372428 28.564970 cpx Na0.04Ca0.69Fe''0.34Mg0.75Fe'''0.06Ti0.05Al0.26Si1.81O6 48.2168 1.64142 5.929 2.26161 10.7707 0 13.5004 17.19 0.490035 0 0
5000.00 1433.15 24.737975 57.245084 -298597.199382 7.425474 28.750236 cpx Na0.04Ca0.70Fe''0.34Mg0.74Fe'''0.07Ti0.05Al0.27Si1.80O6 47.9816 1.77218 5.9972 2.32432 10.8483 0 13.2069 17.3677 0.501736 0 0
5000.00 1428.15 24.959804 57.599049 -300938.202334 7.480154 28.941938 cpx Na0.04Ca0.71Fe''0.34Mg0.72Fe'''0.07Ti0.05Al0.27Si1.79O6 47.7037 1.93184 6.09774 2.39101 10.8902 0 12.9043 17.5683 0.512891 0 0
5000.00 1423.15 25.176695 57.937220 -303302.716263 7.532940 29.127059 cpx Na0.04Ca0.72Fe''0.34Mg0.71Fe'''0.07Ti0.06Al0.28Si1.79O6 47.3841 2.12227 6.23177 2.46011 10.8891 0 12.5997 17.7892 0.523729 0 0
5000.00 1418.15 25.377978 58.235087 -305554.593544 7.580658 29.293691 cpx Na0.04Ca0.73Fe''0.34Mg0.69Fe'''0.07Ti0.07Al0.28Si1.77O6 47.0289 2.34271 6.39178 2.52867 10.8518 0 12.297 18.025 0.53413 0 0
5000.00 1413.15 25.553325 58.469751 -307558.300113 7.620384 29.430869 cpx Na0.04Ca0.74Fe''0.34Mg0.68Fe'''0.07Ti0.07Al0.29Si1.76O6 46.6501 2.58726 6.56732 2.59232 10.7896 0 12.0024 18.2673 0.543591 0 0
5000.00 1408.15 25.696598 58.628746 -309233.715257 7.650580 29.532898 cpx Na0.04Ca0.75Fe''0.34Mg0.66Fe'''0.08Ti0.08Al0.30Si1.75O6 46.2621 2.84726 6.74898 2.64691 10.7124 0 11.7229 18.5078 0.551634 0 0
5000.00 1403.15 26.596605 60.582367 -319769.126193 7.920731 30.560406 cpx Na0.04Ca0.75Fe''0.35Mg0.66Fe'''0.07Ti0.07Al0.29Si1.76O6 46.5644 2.6122 6.54731 2.58946 10.9877 0 11.7653 18.3938 0.539805 0 0
5000.00 1398.15 27.085815 61.582274 -325601.068779 8.066482 31.108992 cpx Na0.04Ca0.75Fe''0.35Mg0.66Fe'''0.07Ti0.07Al0.29Si1.77O6 46.7043 2.50483 6.4525 2.55143 11.119 0 11.7624 18.3715 0.534043 0 0
5000.00 1393.15 27.425314 62.238339 -329745.494058 8.167814 31.486790 cpx Na0.04Ca0.74Fe''0.35Mg0.66Fe'''0.07Ti0.07Al0.28Si1.77O6 46.8159 2.42223 6.38385 2.51661 11.2017 0 11.7619 18.3676 0.530255 0 0
5000.00 1388.15 27.671066 62.679039 -332836.895604 8.241262 31.757435 cpx Na0.04Ca0.75Fe''0.36Mg0.66Fe'''0.07Ti0.07Al0.28Si1.78O6 46.9062 2.3568 6.33468 2.48567 11.2514 0 11.761 18.3762 0.528041 0 0
5000.00 1383.15 27.911358 63.106024 -335857.955475 8.314995 32.027155 cpx Na0.04Ca0.74Fe''0.36Mg0.67Fe'''0.07Ti0.06Al0.28Si1.78O6 47.0839 2.25173 6.21055 2.41481 11.3507 0 11.8041 18.3658 0.518413 0 0
5000.00 1378.15 28.126246 63.474064 -338572.284303 8.385250 32.279654 cpx Na0.04Ca0.74Fe''0.37Mg0.67Fe'''0.06Ti0.06Al0.26Si1.79O6 47.4449 2.06928 5.92354 2.25724 11.5506 0 11.9431 18.3188 0.492567 0 0
5000.00 1373.15 28.134128 63.366153 -338982.470120 8.387883 32.276839 cpx Na0.04Ca0.74Fe''0.36Mg0.67Fe'''0.06Ti0.06Al0.26Si1.80O6 47.4896 2.05661 5.8959 2.21935 11.5298 0 11.9426 18.3755 0.49066 0 0
5000.00 1368.15 28.116298 63.198548 -339109.331639 8.381501 32.240394 cpx Na0.04Ca0.75Fe''0.36Mg0.67Fe'''0.06Ti0.06Al0.26Si1.80O6 47.4674 2.07841 5.92365 2.20739 11.4665 0 11.9109 18.4519 0.493859 0 0
5000.00 1363.15 28.099225 63.032501 -339243.938279 8.375331 32.204837 cpx Na0.04Ca0.75Fe''0.36Mg0.67Fe'''0.06Ti0.06Al0.27Si1.79O6 47.4448 2.10056 5.95157 2.19528 11.4038 0 11.8796 18.5273 0.497048 0 0
5000.00 1358.15 28.082852 62.867863 -339385.673044 8.369356 32.170097 cpx Na0.04Ca0.75Fe''0.36Mg0.67Fe'''0.06Ti0.06Al0.27Si1.79O6 47.4219 2.12309 5.97967 2.18302 11.3416 0 11.8487 18.6018 0.500228 0 0
5000.00 1353.15 28.067126 62.704496 -339533.958136 8.363560 32.136106 cpx Na0.04Ca0.76Fe''0.36Mg0.67Fe'''0.06Ti0.06Al0.27Si1.79O6 47.3986 2.14601 6.00797 2.1706 11.2798 0 11.8182 18.6755 0.503399 0 0
5000.00 1348.15 28.051995 62.542269 -339688.249283 8.357926 32.102800 cpx Na0.04Ca0.76Fe''0.35Mg0.66Fe'''0.06Ti0.06Al0.27Si1.79O6 47.375 2.16936 6.03648 2.15804 11.2184 0 11.788 18.7482 0.506561 0 0
5000.00 1343.15 28.037413 62.381058 -339848.030563 8.352440 32.070118 cpx Na0.04Ca0.76Fe''0.35Mg0.66Fe'''0.06Ti0.06Al0.27Si1.79O6 47.3509 2.19317 6.06524 2.14533 11.1574 0 11.7581 18.8202 0.509716 0 0
5000.00 1338.15 28.023334 62.220745 -340012.809616 8.347087 32.038003 cpx Na0.04Ca0.77Fe''0.35Mg0.66Fe'''0.06Ti0.06Al0.27Si1.79O6 47.3263 2.21747 6.09425 2.13248 11.0968 0 11.7286 18.8913 0.512862 0 0
5000.00 1333.15 28.009716 62.061217 -340182.113164 8.341853 32.006399 cpx Na0.04Ca0.77Fe''0.35Mg0.66Fe'''0.06Ti0.06Al0.27Si1.79O6 47.3011 2.24231 6.12354 2.1195 11.0365 0 11.6993 18.9618 0.516002 0 0
5000.00 1328.15 27.996516 61.902367 -340355.482724 8.336726 31.975252 cpx Na0.04Ca0.77Fe''0.35Mg0.66Fe'''0.06Ti0.06Al0.27Si1.79O6 47.2754 2.26771 6.15312 2.10638 10.9765 0 11.6702 19.0315 0.519133 0 0
5000.00 1323.15 27.983695 61.744087 -340532.470466 8.331692 31.944510 cpx Na0.04Ca0.77Fe''0.35Mg0.66Fe'''0.06Ti0.07Al0.28Si1.79O6 47.2491 2.29373 6.18304 2.09314 10.9168 0 11.6413 19.1006 0.522257 0 0
5000.00 1318.15 27.971213 61.586277 -340712.635095 8.326738 31.914120 cpx Na0.04Ca0.78Fe''0.34Mg0.65Fe'''0.06Ti0.07Al0.28Si1.79O6 47.222 2.32041 6.2133 2.07977 10.8574 0 11.6127 19.1691 0.525373 0 0
5000.00 1313.15 27.959031 61.428835 -340895.537718 8.321850 31.884033 cpx Na0.04Ca0.78Fe''0.34Mg0.65Fe'''0.06Ti0.07Al0.28Si1.78O6 47.1942 2.34779 6.24394 2.06627 10.7982 0 11.5842 19.237 0.528482 0 0
5000.00 1308.15 27.947113 61.271659 -341080.737349 8.317017 31.854197 cpx Na0.04Ca0.78Fe''0.34Mg0.65Fe'''0.06Ti0.07Al0.28Si1.78O6 47.1655 2.37594 6.27499 2.05266 10.7392 0 11.5558 19.3043 0.531582 0 0
5000.00 1303.15 27.935415 61.114641 -341267.745965 8.312223 31.824556 cpx Na0.04Ca0.78Fe''0.34Mg0.65Fe'''0.06Ti0.07Al0.28Si1.78O6 47.136 2.40491 6.30649 2.03893 10.6803 0 11.5275 19.3712 0.534672 0 0
5000.00 1298.15 27.923896 60.957673 -341456.073202 8.307455 31.795054 cpx Na0.04Ca0.79Fe''0.34Mg0.65Fe'''0.06Ti0.07Al0.28Si1.78O6 47.1054 2.43477 6.33846 2.02509 10.6216 0 11.4993 19.4375 0.53775 0 0
5000.00 1293.15 27.820089 60.600117 -340501.141503 8.275549 31.661386 cpx Na0.04Ca0.79Fe''0.33Mg0.65Fe'''0.06Ti0.07Al0.28Si1.78O6 47.0926 2.45442 6.35632 2.00706 10.5741 0 11.478 19.4974 0.540161 0 0
5000.00 1288.15 27.208495 59.143706 -333253.122305 8.094501 30.955288 cpx Na0.04Ca0.79Fe''0.33Mg0.65Fe'''0.06Ti0.07Al0.28Si1.78O6 47.1847 2.4119 6.29185 1.96611 10.588 0 11.4955 19.5231 0.538856 0 0
5000.00 1283.15 26.621274 57.745196 -326294.935576 7.920656 30.277265 cpx Na0.04Ca0.79Fe''0.33Mg0.65Fe'''0.05Ti0.07Al0.28Si1.79O6 47.2758 2.3703 6.22778 1.92546 10.6008 0 11.513 19.5494 0.53751 0 0
5000.00 1278.15 26.057109 56.401441 -319610.956512 7.753624 29.625805 cpx Na0.04Ca0.79Fe''0.34Mg0.65Fe'''0.05Ti0.07Al0.27Si1.79O6 47.3658 2.32958 6.16408 1.88511 10.6124 0 11.5306 19.5763 0.536123 0 0
5000.00 1273.15 25.514794 55.109558 -313186.891048 7.593052 28.999518 cpx Na0.04Ca0.79Fe''0.34Mg0.65Fe'''0.05Ti0.07Al0.27Si1.79O6 47.4549 2.28971 6.10074 1.84507 10.6228 0 11.5483 19.6038 0.534695 0 0
5000.00 1268.15 24.993223 53.866893 -307009.624500 7.438614 28.397130 cpx Na0.04Ca0.79Fe''0.34Mg0.65Fe'''0.05Ti0.06Al0.27Si1.80O6 47.5429 2.25066 6.03773 1.80535 10.632 0 11.5661 19.632 0.533226 0 0
5000.00 1263.15 24.491377 52.671002 -301067.090556 7.290009 27.817468 cpx Na0.04Ca0.80Fe''0.34Mg0.65Fe'''0.05Ti0.06Al0.27Si1.80O6 47.6301 2.21239 5.97504 1.76595 10.64 0 11.5841 19.6607 0.531714 0 0
5000.00 1258.15 24.008314 51.519623 -295348.157475 7.146960 27.259448 cpx Na0.04Ca0.80Fe''0.34Mg0.65Fe'''0.05Ti0.06Al0.26Si1.80O6 47.7164 2.17488 5.91266 1.72689 10.6469 0 11.6022 19.6899 0.530161 0 0
5000.00 1253.15 23.543164 50.410660 -289842.528879 7.009212 26.722064 cpx Na0.04Ca0.80Fe''0.34Mg0.65Fe'''0.05Ti0.06Al0.26Si1.80O6 47.8018 2.13811 5.85058 1.68816 10.6526 0 11.6205 19.7197 0.528565 0 0
5000.00 1248.15 23.095120 49.342162 -284540.657004 6.876526 26.204387 cpx Na0.04Ca0.80Fe''0.34Mg0.65Fe'''0.05Ti0.06Al0.26Si1.81O6 47.8864 2.10204 5.78878 1.64979 10.6571 0 11.639 19.7501 0.526926 0 0
5000.00 1243.15 22.663431 48.312316 -279433.666607 6.748681 25.705547 cpx Na0.04Ca0.80Fe''0.34Mg0.66Fe'''0.05Ti0.06Al0.25Si1.81O6 47.9701 2.06666 5.72727 1.61177 10.6604 0 11.6576 19.7809 0.525244 0 0
5000.00 1238.15 22.247395 47.319425 -274513.288028 6.625470 25.224737 cpx Na0.04Ca0.80Fe''0.34Mg0.66Fe'''0.04Ti0.06Al0.25Si1.81O6 48.0531 2.03195 5.66602 1.57412 10.6625 0 11.6766 19.8123 0.523519 0 0
5000.00 1233.15 21.846359 46.361902 -269771.798159 6.506702 24.761199 cpx Na0.04Ca0.80Fe''0.34Mg0.66Fe'''0.04Ti0.06Al0.25Si1.82O6 48.1353 1.99788 5.60504 1.53684 10.6634 0 11.6957 19.8441 0.52175 0 0
5000.00 1228.15 21.459709 45.438258 -265201.968240 6.392194 24.314226 cpx Na0.04Ca0.80Fe''0.34Mg0.66Fe'''0.04Ti0.06Al0.25Si1.82O6 48.2167 1.96444 5.54432 1.49994 10.6632 0 11.7151 19.8764 0.519938 0 0
5000.00 1223.15 21.086870 44.547095 -260797.017597 6.281778 23.883151 cpx Na0.04Ca0.80Fe''0.34Mg0.66Fe'''0.04Ti0.05Al0.24Si1.82O6 48.2974 1.9316 5.48385 1.46344 10.6617 0 11.7347 19.9092 0.518083 0 0
5000.00 1218.15 20.727301 43.687095 -256550.572547 6.175294 23.467349 cpx Na0.04Ca0.81Fe''0.34Mg0.66Fe'''0.04Ti0.05Al0.24Si1.82O6 48.3774 1.89935 5.42363 1.42733 10.6591 0 11.7547 19.9424 0.516184 0 0
5000.00 1213.15 20.380493 42.857013 -252456.629823 6.072591 23.066229 cpx Na0.04Ca0.81Fe''0.34Mg0.66Fe'''0.04Ti0.05Al0.24Si1.83O6 48.4566 1.86767 5.36366 1.39163 10.6552 0 11.7749 19.976 0.514242 0 0
5000.00 1208.15 20.045963 42.055675 -248509.523951 5.973528 22.679234 cpx Na0.04Ca0.81Fe''0.34Mg0.66Fe'''0.04Ti0.05Al0.24Si1.83O6 48.5352 1.83655 5.30393 1.35634 10.6502 0 11.7954 20.0101 0.512257 0 0
5000.00 1203.15 19.723257 41.281967 -244703.898108 5.877971 22.305835 cpx Na0.04Ca0.81Fe''0.34Mg0.66Fe'''0.04Ti0.05Al0.23Si1.83O6 48.6131 1.80597 5.24445 1.32148 10.644 0 11.8162 20.0446 0.510228 0 0
5000.00 1198.15 19.411944 40.534833 -241034.678035 5.785792 21.945533 cpx Na0.04Ca0.81Fe''0.34Mg0.66Fe'''0.04Ti0.05Al0.23Si1.83O6 48.6903 1.77592 5.1852 1.28705 10.6365 0 11.8373 20.0795 0.508156 0 0
5000.00 1193.15 19.111612 39.813270 -237497.048661 5.696869 21.597852 cpx Na0.04Ca0.81Fe''0.33Mg0.67Fe'''0.04Ti0.05Al0.23Si1.84O6 48.7669 1.74638 5.1262 1.25306 10.6279 0 11.8587 20.1148 0.506042 0 0
5000.00 1188.15 18.821873 39.116321 -234086.433112 5.611090 21.262340 cpx Na0.04Ca0.81Fe''0.33Mg0.67Fe'''0.03Ti0.05Al0.22Si1.84O6 48.8428 1.71734 5.06743 1.21952 10.618 0 11.8805 20.1505 0.503885 0 0
5000.00 1183.15 18.542357 38.443078 -230798.473836 5.528342 20.938567 cpx Na0.04Ca0.81Fe''0.33Mg0.67Fe'''0.03Ti0.05Al0.22Si1.84O6 48.918 1.68879 5.00891 1.18643 10.607 0 11.9026 20.1866 0.501686 0 0
5000.00 1178.15 18.272708 37.792670 -227629.015619 5.448524 20.626121 cpx Na0.04Ca0.82Fe''0.33Mg0.67Fe'''0.03Ti0.05Al0.22Si1.84O6 48.9927 1.66071 4.95062 1.1538 10.5947 0 11.925 20.223 0.499446 0 0
5000.00 1173.15 18.012589 37.164268 -224574.090276 5.371533 20.324611 cpx Na0.04Ca0.82Fe''0.33Mg0.67Fe'''0.03Ti0.05Al0.22Si1.85O6 49.0667 1.63309 4.89258 1.12164 10.5813 0 11.9478 20.2598 0.497163 0 0
5000.00 1168.15 17.761677 36.557078 -221629.902827 5.297276 20.033660 cpx Na0.04Ca0.82Fe''0.33Mg0.67Fe'''0.03Ti0.05Al0.21Si1.85O6 49.1401 1.60593 4.83478 1.08996 10.5666 0 11.9709 20.2969 0.49484 0 0
5000.00 1163.15 17.589020 36.113623 -219664.084110 5.246330 19.831260 cpx Na0.04Ca0.82Fe''0.33Mg0.67Fe'''0.03Ti0.04Al0.21Si1.85O6 49.2072 1.57852 4.78843 1.0627 10.5455 0 11.9917 20.3323 0.493617 0 0
5000.00 1158.15 17.638522 36.129364 -220488.588044 5.261590 19.879806 cpx Na0.04Ca0.82Fe''0.33Mg0.67Fe'''0.03Ti0.04Al0.21Si1.85O6 49.256 1.5494 4.77789 1.04814 10.5072 0 12.0044 20.361 0.496023 0 0
5000.00 1153.15 17.687225 36.142627 -221305.158103 5.276614 19.927339 cpx Na0.04Ca0.82Fe''0.33Mg0.67Fe'''0.03Ti0.04Al0.21Si1.85O6 49.3043 1.5207 4.76779 1.03367 10.4682 0 12.017 20.3898 0.498486 0 0
5000.00 1148.15 17.735149 36.153453 -222113.987659 5.291407 19.973879 cpx Na0.04Ca0.82Fe''0.33Mg0.67Fe'''0.03Ti0.04Al0.21Si1.86O6 49.3521 1.49243 4.75814 1.0193 10.4285 0 12.0297 20.4188 0.501005 0 0
5000.00 1143.15 17.782308 36.161885 -222915.265852 5.305974 20.019444 cpx Na0.04Ca0.82Fe''0.33Mg0.68Fe'''0.03Ti0.04Al0.21Si1.86O6 49.3994 1.46458 4.74891 1.00501 10.3882 0 12.0423 20.448 0.503582 0 0

rhm-oxide_0 thermodynamic data and composition:
Pressure Temperature mass S H V Cp formula SiO2 TiO2 Al2O3 Fe2O3 FeO MnO MgO CaO Na2O K2O P2O5
5000.00 1403.15 0.617538 1.262183 -4519.255132 0.135179 0.568219 Mn0.04Fe''0.75Mg0.13Fe'''0.17Ti0.92O3 0 49.3226 0 9.08991 36.3033 1.78107 3.50312 0 0 0 0
5000.00 1398.15 0.960481 1.960249 -7018.643925 0.210003 0.883475 Mn0.05Fe''0.75Mg0.12Fe'''0.17Ti0.92O3 0 49.2569 0 9.0971 36.0983 2.20169 3.34596 0 0 0 0
5000.00 1393.15 1.209224 2.464375 -8827.587806 0.264120 1.111944 Mn0.06Fe''0.74Mg0.12Fe'''0.17Ti0.92O3 0 49.202 0 9.1018 35.8498 2.63478 3.21158 0 0 0 0
5000.00 1388.15 1.396212 2.841397 -10185.684611 0.304682 1.283546 Mn0.06Fe''0.74Mg0.11Fe'''0.17Ti0.92O3 0 49.1525 0 9.10846 35.5744 3.07179 3.09281 0 0 0 0
5000.00 1383.15 1.651946 3.356409 -12050.571240 0.360217 1.517919 Mn0.07Fe''0.73Mg0.11Fe'''0.17Ti0.92O3 0 49.1667 0 9.00196 35.376 3.47063 2.98468 0 0 0 0
5000.00 1378.15 2.055785 4.168615 -15014.930004 0.448090 1.887212 Mn0.08Fe''0.73Mg0.11Fe'''0.16Ti0.92O3 0 49.3218 0 8.64283 35.3666 3.77143 2.89731 0 0 0 0
5000.00 1373.15 2.113232 4.277392 -15445.355734 0.460507 1.939133 Mn0.08Fe''0.73Mg0.11Fe'''0.16Ti0.92O3 0 49.3638 0 8.54665 35.4137 3.80003 2.87578 0 0 0 0
5000.00 1368.15 2.104366 4.251913 -15388.809077 0.458483 1.930402 Mn0.08Fe''0.74Mg0.11Fe'''0.16Ti0.92O3 0 49.3793 0 8.50967 35.4772 3.76721 2.86665 0 0 0 0
5000.00 1363.15 2.095246 4.225956 -15330.287318 0.456404 1.921437 Mn0.08Fe''0.74Mg0.11Fe'''0.16Ti0.92O3 0 49.3948 0 8.47239 35.5407 3.73487 2.85725 0 0 0 0
5000.00 1358.15 2.085859 4.199500 -15269.696940 0.454267 1.912226 Mn0.08Fe''0.74Mg0.11Fe'''0.16Ti0.92O3 0 49.4104 0 8.43479 35.6042 3.703 2.8476 0 0 0 0
5000.00 1353.15 2.076192 4.172521 -15206.937537 0.452070 1.902758 Mn0.08Fe''0.74Mg0.10Fe'''0.16Ti0.92O3 0 49.4261 0 8.39687 35.6677 3.67161 2.83767 0 0 0 0
5000.00 1348.15 2.066229 4.144994 -15141.901111 0.449808 1.893020 Mn0.08Fe''0.74Mg0.10Fe'''0.16Ti0.92O3 0 49.4418 0 8.35862 35.7313 3.64072 2.82748 0 0 0 0
5000.00 1343.15 2.055957 4.116890 -15074.471281 0.447479 1.882998 Mn0.08Fe''0.74Mg0.10Fe'''0.16Ti0.92O3 0 49.4576 0 8.32003 35.795 3.61033 2.81702 0 0 0 0
5000.00 1338.15 2.045357 4.088180 -15004.522376 0.445080 1.872677 Mn0.08Fe''0.74Mg0.10Fe'''0.15Ti0.92O3 0 49.4735 0 8.28109 35.8586 3.58046 2.8063 0 0 0 0
5000.00 1333.15 2.034413 4.058831 -14931.918412 0.442605 1.862039 Mn0.07Fe''0.75Mg0.10Fe'''0.15Ti0.92O3 0 49.4895 0 8.24179 35.9223 3.55111 2.79529 0 0 0 0
5000.00 1328.15 2.023103 4.028808 -14856.511920 0.440052 1.851069 Mn0.07Fe''0.75Mg0.10Fe'''0.15Ti0.92O3 0 49.5055 0 8.20211 35.986 3.52229 2.78402 0 0 0 0
5000.00 1323.15 2.011407 3.998073 -14778.142605 0.437415 1.839745 Mn0.07Fe''0.75Mg0.10Fe'''0.15Ti0.92O3 0 49.5217 0 8.16204 36.0498 3.49402 2.77246 0 0 0 0
5000.00 1318.15 1.999301 3.966585 -14696.635796 0.434690 1.828048 Mn0.07Fe''0.75Mg0.10Fe'''0.15Ti0.92O3 0 49.5379 0 8.12156 36.1136 3.46631 2.76063 0 0 0 0
5000.00 1313.15 1.986760 3.934296 -14611.800671 0.431870 1.815955 Mn0.07Fe''0.75Mg0.10Fe'''0.15Ti0.92O3 0 49.5543 0 8.08067 36.1773 3.43919 2.74851 0 0 0 0
5000.00 1308.15 1.973755 3.901159 -14523.428167 0.428951 1.803440 Mn0.07Fe''0.75Mg0.10Fe'''0.15Ti0.92O3 0 49.5708 0 8.03934 36.2411 3.41265 2.73611 0 0 0 0
5000.00 1303.15 1.960257 3.867116 -14431.285460 0.425924 1.790475 Mn0.07Fe''0.75Mg0.10Fe'''0.15Ti0.93O3 0 49.5874 0 7.99756 36.3049 3.38673 2.72341 0 0 0 0
5000.00 1298.15 1.946230 3.832106 -14335.116428 0.422784 1.777030 Mn0.07Fe''0.75Mg0.10Fe'''0.15Ti0.93O3 0 49.6041 0 7.9553 36.3688 3.36143 2.71042 0 0 0 0
5000.00 1293.15 1.921290 3.775699 -14158.408471 0.417270 1.753598 Mn0.07Fe''0.76Mg0.10Fe'''0.15Ti0.93O3 0 49.6238 0 7.90522 36.4316 3.34479 2.69456 0 0 0 0
5000.00 1288.15 1.837916 3.604690 -13550.820266 0.399048 1.676711 Mn0.07Fe''0.76Mg0.10Fe'''0.15Ti0.93O3 0 49.6599 0 7.81321 36.4888 3.37401 2.66413 0 0 0 0
5000.00 1283.15 1.755085 3.435372 -12946.698975 0.380954 1.600385 Mn0.07Fe''0.76Mg0.10Fe'''0.14Ti0.93O3 0 49.6963 0 7.72076 36.5452 3.40383 2.63387 0 0 0 0
5000.00 1278.15 1.672821 3.267789 -12346.217232 0.362995 1.524644 Mn0.07Fe''0.76Mg0.10Fe'''0.14Ti0.93O3 0 49.733 0 7.6279 36.601 3.43425 2.60379 0 0 0 0
5000.00 1273.15 1.591147 3.101985 -11749.545482 0.345175 1.449509 Mn0.07Fe''0.76Mg0.10Fe'''0.14Ti0.93O3 0 49.77 0 7.53466 36.6562 3.46529 2.57388 0 0 0 0
5000.00 1268.15 1.510088 2.938000 -11156.851675 0.327498 1.375001 Mn0.07Fe''0.76Mg0.09Fe'''0.14Ti0.93O3 0 49.8072 0 7.44105 36.7106 3.49695 2.54415 0 0 0 0
5000.00 1263.15 1.429666 2.775876 -10568.300961 0.309970 1.301141 Mn0.07Fe''0.76Mg0.09Fe'''0.14Ti0.93O3 0 49.8447 0 7.34713 36.7643 3.52923 2.51459 0 0 0 0
5000.00 1258.15 1.349905 2.615651 -9984.055401 0.292596 1.227949 Mn0.07Fe''0.77Mg0.09Fe'''0.14Ti0.93O3 0 49.8825 0 7.25291 36.8173 3.56214 2.4852 0 0 0 0
5000.00 1253.15 1.270825 2.457362 -9404.273675 0.275379 1.155445 Mn0.08Fe''0.77Mg0.09Fe'''0.13Ti0.93O3 0 49.9204 0 7.15843 36.8695 3.59568 2.45598 0 0 0 0
5000.00 1248.15 1.192448 2.301045 -8829.110813 0.258324 1.083648 Mn0.08Fe''0.77Mg0.09Fe'''0.13Ti0.93O3 0 49.9585 0 7.06372 36.921 3.62986 2.42692 0 0 0 0
5000.00 1243.15 1.114796 2.146735 -8258.717924 0.241436 1.012577 Mn0.08Fe''0.77Mg0.09Fe'''0.13Ti0.93O3 0 49.9968 0 6.96881 36.9717 3.66468 2.39803 0 0 0 0
5000.00 1238.15 1.037887 1.994464 -7693.241946 0.224719 0.942249 Mn0.08Fe''0.77Mg0.09Fe'''0.13Ti0.94O3 0 50.0353 0 6.87374 37.0215 3.70014 2.36931 0 0 0 0
5000.00 1233.15 0.961741 1.844262 -7132.825407 0.208176 0.872681 Mn0.08Fe''0.77Mg0.09Fe'''0.13Ti0.94O3 0 50.0739 0 6.77853 37.0706 3.73626 2.34075 0 0 0 0
5000.00 1228.15 0.886377 1.696159 -6577.606192 0.191811 0.803890 Mn0.08Fe''0.77Mg0.09Fe'''0.13Ti0.94O3 0 50.1126 0 6.68323 37.1188 3.77302 2.31235 0 0 0 0
5000.00 1223.15 0.811813 1.550182 -6027.717336 0.175629 0.735891 Mn0.08Fe''0.77Mg0.08Fe'''0.12Ti0.94O3 0 50.1514 0 6.58786 37.1661 3.81044 2.28411 0 0 0 0
5000.00 1218.15 0.738065 1.406356 -5483.286819 0.159631 0.668698 Mn0.08Fe''0.77Mg0.08Fe'''0.12Ti0.94O3 0 50.1904 0 6.49245 37.2126 3.84853 2.25603 0 0 0 0
5000.00 1213.15 0.665149 1.264705 -4944.437387 0.143823 0.602327 Mn0.08Fe''0.78Mg0.08Fe'''0.12Ti0.94O3 0 50.2294 0 6.39705 37.2582 3.88727 2.22811 0 0 0 0
5000.00 1208.15 0.593082 1.125250 -4411.286381 0.128206 0.536789 Mn0.08Fe''0.78Mg0.08Fe'''0.12Ti0.94O3 0 50.2684 0 6.30169 37.3029 3.92668 2.20034 0 0 0 0
5000.00 1203.15 0.521877 0.988012 -3883.945584 0.112784 0.472098 Mn0.08Fe''0.78Mg0.08Fe'''0.12Ti0.94O3 0 50.3075 0 6.2064 37.3467 3.96676 2.17273 0 0 0 0
5000.00 1198.15 0.451549 0.853007 -3362.521085 0.097560 0.408266 Mn0.08Fe''0.78Mg0.08Fe'''0.11Ti0.94O3 0 50.3465 0 6.11121 37.3895 4.0075 2.14527 0 0 0 0
5000.00 1193.15 0.382109 0.720253 -2847.113156 0.082536 0.345301 Mn0.09Fe''0.78Mg0.08Fe'''0.11Ti0.94O3 0 50.3856 0 6.01615 37.4314 4.04892 2.11796 0 0 0 0
5000.00 1188.15 0.313570 0.589762 -2337.816151 0.067714 0.283216 Mn0.09Fe''0.78Mg0.08Fe'''0.11Ti0.94O3 0 50.4247 0 5.92127 37.4722 4.09102 2.09081 0 0 0 0
5000.00 1183.15 0.245943 0.461546 -1834.718417 0.053096 0.222018 Mn0.09Fe''0.78Mg0.08Fe'''0.11Ti0.95O3 0 50.4637 0 5.8266 37.5121 4.13379 2.0638 0 0 0 0
5000.00 1178.15 0.179237 0.335617 -1337.902217 0.038685 0.161715 Mn0.09Fe''0.78Mg0.08Fe'''0.11Ti0.95O3 0 50.5026 0 5.73216 37.551 4.17724 2.03695 0 0 0 0
5000.00 1173.15 0.113463 0.211981 -847.443681 0.024483 0.102316 Mn0.09Fe''0.78Mg0.07Fe'''0.11Ti0.95O3 0 50.5415 0 5.63799 37.5889 4.22136 2.01024 0 0 0 0
5000.00 1168.15 0.048627 0.090646 -363.412758 0.010490 0.043827 Mn0.09Fe''0.78Mg0.07Fe'''0.10Ti0.95O3 0 50.5803 0 5.54413 37.6257 4.26617 1.98368 0 0 0 0

clinopyroxene_1 thermodynamic data and composition:
Pressure Temperature mass S H V Cp structure formula SiO2 TiO2 Al2O3 Fe2O3 FeO MnO MgO CaO Na2O K2O P2O5
5000.00 1498.15 0.748631 1.813552 -9079.955254 0.228589 0.910013 cpx Na0.01Ca0.35Fe''0.38Mg1.14Fe'''0.03Ti0.01Al0.20Si1.88O6 51.496 0.323629 4.63536 1.21648 12.4166 0 20.8681 8.84547 0.198291 0 0
5000.00 1493.15 3.123296 7.548560 -37737.568099 0.951737 3.788297 cpx Na0.01Ca0.34Fe''0.39Mg1.12Fe'''0.03Ti0.01Al0.20Si1.88O6 51.3659 0.347409 4.62083 1.25392 12.8647 0 20.6048 8.73918 0.20332 0 0
5000.00 1488.15 5.247558 12.653301 -63161.185860 1.595793 6.351230 cpx Na0.01Ca0.34Fe''0.41Mg1.11Fe'''0.04Ti0.01Al0.20Si1.88O6 51.2378 0.370786 4.60582 1.29029 13.3182 0 20.3531 8.61625 0.20775 0 0
5000.00 1483.15 7.157181 17.218214 -85813.340258 2.172084 8.644228 cpx Na0.02Ca0.33Fe''0.42Mg1.10Fe'''0.04Ti0.01Al0.20Si1.88O6 51.1116 0.393629 4.59029 1.32559 13.7766 0 20.1107 8.47989 0.211616 0 0
5000.00 1478.15 8.884668 21.324944 -106111.403779 2.690855 10.708270 cpx Na0.02Ca0.33Fe''0.44Mg1.09Fe'''0.04Ti0.01Al0.20Si1.88O6 50.9872 0.415789 4.5741 1.35976 14.2394 0 19.8758 8.33298 0.214947 0 0
5000.00 1473.15 10.459784 25.047758 -124434.613502 3.161450 12.580622 cpx Na0.02Ca0.32Fe''0.45Mg1.08Fe'''0.04Ti0.01Al0.20Si1.88O6 50.8648 0.437089 4.55701 1.39274 14.7057 0 19.6468 8.17811 0.21777 0 0
5000.00 1468.15 11.908097 28.450170 -141107.555869 3.591877 14.293163 cpx Na0.02Ca0.32Fe''0.47Mg1.07Fe'''0.04Ti0.01Al0.20Si1.88O6 50.7446 0.457314 4.53869 1.42436 15.1749 0 19.4225 8.01757 0.220103 0 0
5000.00 1463.15 13.251679 31.586763 -156409.506634 3.989039 15.873311 cpx Na0.02Ca0.31Fe''0.48Mg1.06Fe'''0.04Ti0.01Al0.20Si1.88O6 50.6272 0.4762 4.51869 1.45441 15.646 0 19.202 7.85352 0.221953 0 0
5000.00 1458.15 14.509490 34.504206 -170579.775036 4.358856 17.344536 cpx Na0.02Ca0.31Fe''0.50Mg1.05Fe'''0.04Ti0.01Al0.20Si1.88O6 50.5132 0.493424 4.49643 1.48261 16.1181 0 18.9848 7.6881 0.223322 0 0
5000.00 1453.15 15.697539 37.241718 -183820.365613 4.706331 18.726597 cpx Na0.02Ca0.30Fe''0.52Mg1.04Fe'''0.04Ti0.01Al0.20Si1.87O6 50.4037 0.508594 4.47116 1.50853 16.59 0 18.7702 7.52351 0.224199 0 0
5000.00 1448.15 16.829029 39.831491 -196298.425652 5.035596 20.035755 cpx Na0.02Ca0.29Fe''0.53Mg1.03Fe'''0.04Ti0.01Al0.20Si1.87O6 50.2998 0.52125 4.44199 1.53167 17.0607 0 18.5579 7.36215 0.224554 0 0
5000.00 1443.15 17.914359 42.298801 -208147.132785 5.349930 21.284826 cpx Na0.02Ca0.29Fe''0.55Mg1.02Fe'''0.04Ti0.01Al0.19Si1.87O6 50.2025 0.530928 4.40818 1.5514 17.5287 0 18.3475 7.20648 0.224325 0 0
5000.00 1438.15 18.960161 44.659963 -219455.968777 5.651464 22.482152 cpx Na0.02Ca0.28Fe''0.56Mg1.01Fe'''0.04Ti0.02Al0.19Si1.87O6 50.112 0.53747 4.3705 1.56727 17.9922 0 18.1391 7.05801 0.223396 0 0
5000.00 1433.15 19.976277 46.939348 -230349.532460 5.943199 23.640069 cpx Na0.02Ca0.28Fe''0.58Mg1.00Fe'''0.04Ti0.02Al0.19Si1.87O6 50.0242 0.542295 4.33443 1.57995 18.4499 0 17.9351 6.91252 0.221613 0 0
5000.00 1428.15 20.969304 49.154608 -240920.682145 6.227178 24.767738 cpx Na0.02Ca0.27Fe''0.59Mg0.99Fe'''0.04Ti0.02Al0.19Si1.87O6 49.9337 0.548058 4.30796 1.59089 18.8976 0 17.7423 6.76048 0.218965 0 0
5000.00 1423.15 21.905067 51.227831 -250823.784001 6.493766 25.826942 cpx Na0.02Ca0.27Fe''0.61Mg0.98Fe'''0.05Ti0.02Al0.19Si1.87O6 49.8465 0.553918 4.28983 1.59898 19.3199 0 17.5699 6.60517 0.215756 0 0
5000.00 1418.15 22.792713 53.180992 -260180.121606 6.745948 26.829058 cpx Na0.02Ca0.26Fe''0.62Mg0.98Fe'''0.05Ti0.02Al0.19Si1.87O6 49.7684 0.558601 4.27288 1.60254 19.7168 0 17.4169 6.4517 0.212143 0 0
5000.00 1413.15 23.636295 55.023711 -269049.636121 6.985168 27.779179 cpx Na0.02Ca0.25Fe''0.63Mg0.97Fe'''0.05Ti0.02Al0.19Si1.87O6 49.7043 0.560754 4.25067 1.59988 20.0889 0 17.2813 6.30601 0.208181 0 0
5000.00 1408.15 24.429070 56.740816 -277373.342426 7.209690 28.669915 cpx Na0.01Ca0.25Fe''0.65Mg0.97Fe'''0.05Ti0.02Al0.19Si1.88O6 49.6575 0.559587 4.2196 1.58995 20.4344 0 17.1624 6.17262 0.203924 0 0
5000.00 1403.15 24.389466 56.513239 -276423.356588 7.190717 28.580184 cpx Na0.01Ca0.25Fe''0.65Mg0.96Fe'''0.04Ti0.02Al0.19Si1.88O6 49.6425 0.530337 4.18188 1.57642 20.6924 0 16.9992 6.17704 0.200242 0 0
5000.00 1398.15 24.428357 56.480451 -276557.595556 7.196771 28.594972 cpx Na0.01Ca0.25Fe''0.66Mg0.95Fe'''0.04Ti0.01Al0.19Si1.88O6 49.642 0.50947 4.15058 1.55806 20.8868 0 16.9098 6.14622 0.197054 0 0
5000.00 1393.15 24.440631 56.392238 -276508.465431 7.196127 28.584902 cpx Na0.01Ca0.25Fe''0.67Mg0.95Fe'''0.04Ti0.01Al0.18Si1.88O6 49.6494 0.491074 4.12507 1.53854 21.0392 0 16.8549 6.10738 0.194357 0 0
5000.00 1388.15 24.440492 56.279363 -276391.928415 7.192514 28.564221 cpx Na0.01Ca0.25Fe''0.67Mg0.95Fe'''0.04Ti0.01Al0.18Si1.88O6 49.6602 0.474534 4.105 1.51931 21.165 0 16.8212 6.06272 0.19208 0 0
5000.00 1383.15 24.225972 55.668480 -273850.028772 7.126309 28.292521 cpx Na0.01Ca0.24Fe''0.67Mg0.95Fe'''0.04Ti0.01Al0.18Si1.88O6 49.702 0.454487 4.04344 1.47874 21.307 0 16.7915 6.03556 0.187296 0 0
5000.00 1378.15 23.667288 54.260140 -267435.173841 6.960195 27.619395 cpx Na0.01Ca0.25Fe''0.68Mg0.95Fe'''0.04Ti0.01Al0.17Si1.89O6 49.8171 0.426554 3.8869 1.39047 21.4785 0 16.7778 6.04558 0.177058 0 0
5000.00 1373.15 23.607675 54.019721 -266767.761782 6.940558 27.537380 cpx Na0.01Ca0.24Fe''0.68Mg0.95Fe'''0.04Ti0.01Al0.17Si1.89O6 49.8509 0.415168 3.85035 1.35929 21.5707 0 16.7945 5.98507 0.174006 0 0
5000.00 1368.15 23.642230 53.998304 -267173.766814 6.948383 27.566084 cpx Na0.01Ca0.24Fe''0.69Mg0.95Fe'''0.04Ti0.01Al0.17Si1.89O6 49.865 0.407311 3.84053 1.34106 21.6502 0 16.8126 5.91081 0.172504 0 0
5000.00 1363.15 23.676516 53.975513 -267577.129622 6.956123 27.594266 cpx Na0.01Ca0.24Fe''0.69Mg0.95Fe'''0.04Ti0.01Al0.17Si1.89O6 49.8788 0.399577 3.83072 1.32295 21.7291 0 16.8301 5.83766 0.171023 0 0
5000.00 1358.15 23.710613 53.951534 -267978.700428 6.963802 27.622021 cpx Na0.01Ca0.23Fe''0.69Mg0.95Fe'''0.04Ti0.01Al0.17Si1.89O6 49.8924 0.391961 3.82092 1.30495 21.8076 0 16.847 5.76559 0.169561 0 0
5000.00 1353.15 23.744599 53.926547 -268379.305254 6.971443 27.649442 cpx Na0.01Ca0.23Fe''0.69Mg0.95Fe'''0.04Ti0.01Al0.17Si1.89O6 49.9058 0.38446 3.8111 1.28706 21.8856 0 16.8632 5.69456 0.168118 0 0
5000.00 1348.15 23.778552 53.900725 -268779.753000 6.979068 27.676617 cpx Na0.01Ca0.23Fe''0.70Mg0.95Fe'''0.04Ti0.01Al0.17Si1.89O6 49.919 0.377071 3.80126 1.26927 21.9633 0 16.8788 5.62454 0.166692 0 0
5000.00 1343.15 23.812547 53.874238 -269180.842217 6.986698 27.703635 cpx Na0.01Ca0.23Fe''0.70Mg0.95Fe'''0.04Ti0.01Al0.17Si1.89O6 49.932 0.369791 3.79139 1.2516 22.0406 0 16.8938 5.55549 0.165284 0 0
5000.00 1338.15 23.846660 53.847253 -269583.367689 6.994355 27.730582 cpx Na0.01Ca0.22Fe''0.70Mg0.96Fe'''0.04Ti0.01Al0.17Si1.89O6 49.9449 0.362616 3.78148 1.23402 22.1175 0 16.9082 5.48739 0.163892 0 0
5000.00 1333.15 23.880965 53.819936 -269988.126978 7.002062 27.757546 cpx Na0.01Ca0.22Fe''0.70Mg0.96Fe'''0.03Ti0.01Al0.17Si1.89O6 49.9575 0.355545 3.77153 1.21655 22.1941 0 16.922 5.42022 0.162515 0 0
5000.00 1328.15 23.915539 53.792454 -270395.927038 7.009839 27.784614 cpx Na0.01Ca0.22Fe''0.71Mg0.96Fe'''0.03Ti0.01Al0.17Si1.89O6 49.97 0.348573 3.76151 1.19917 22.2705 0 16.9352 5.35394 0.161152 0 0
5000.00 1323.15 23.950460 53.764976 -270807.591050 7.017710 27.811875 cpx Na0.01Ca0.21Fe''0.71Mg0.96Fe'''0.03Ti0.01Al0.17Si1.90O6 49.9823 0.341699 3.75143 1.18189 22.3465 0 16.9478 5.28854 0.159804 0 0
5000.00 1318.15 23.985808 53.737671 -271223.965609 7.025698 27.839421 cpx Na0.01Ca0.21Fe''0.71Mg0.96Fe'''0.03Ti0.01Al0.17Si1.90O6 49.9944 0.33492 3.74127 1.1647 22.4224 0 16.9599 5.22399 0.158469 0 0
5000.00 1313.15 24.021665 53.710716 -271645.928427 7.033825 27.867346 cpx Na0.01Ca0.21Fe''0.71Mg0.96Fe'''0.03Ti0.01Al0.17Si1.90O6 50.0064 0.328233 3.73101 1.14761 22.498 0 16.9713 5.16027 0.157146 0 0
5000.00 1308.15 24.058118 53.684293 -272074.396708 7.042117 27.895747 cpx Na0.01Ca0.21Fe''0.72Mg0.96Fe'''0.03Ti0.01Al0.17Si1.90O6 50.0182 0.321636 3.72064 1.13059 22.5735 0 16.9822 5.09736 0.155834 0 0
5000.00 1303.15 24.095256 53.658590 -272510.331985 7.050600 27.924726 cpx Na0.01Ca0.20Fe''0.72Mg0.96Fe'''0.03Ti0.01Al0.17Si1.90O6 50.0299 0.315127 3.71015 1.11366 22.6488 0 16.9926 5.03525 0.154533 0 0
5000.00 1298.15 24.133176 53.633807 -272954.757487 7.059301 27.954392 cpx Na0.01Ca0.20Fe''0.72Mg0.96Fe'''0.03Ti0.01Al0.17Si1.90O6 50.0415 0.308703 3.69952 1.09682 22.724 0 17.0024 4.97391 0.15324 0 0
5000.00 1293.15 24.190087 53.649366 -273602.563929 7.073490 28.005259 cpx Na0.01Ca0.20Fe''0.72Mg0.96Fe'''0.03Ti0.01Al0.16Si1.90O6 50.0555 0.30186 3.68364 1.07863 22.8039 0 17.0092 4.9154 0.15182 0 0
5000.00 1288.15 24.347722 53.881513 -275326.667773 7.116797 28.169262 cpx Na0.01Ca0.20Fe''0.73Mg0.96Fe'''0.03Ti0.01Al0.16Si1.90O6 50.0839 0.292353 3.63896 1.05262 22.9111 0 17.0024 4.86892 0.149639 0 0
5000.00 1283.15 24.501864 54.104061 -277010.308734 7.159041 28.328888 cpx Na0.01Ca0.20Fe''0.73Mg0.96Fe'''0.03Ti0.01Al0.16Si1.90O6 50.112 0.283086 3.59438 1.02692 23.018 0 16.9956 4.82253 0.147465 0 0
5000.00 1278.15 24.652551 54.317137 -278653.972237 7.200236 28.484187 cpx Na0.01Ca0.19Fe''0.73Mg0.96Fe'''0.03Ti0.01Al0.16Si1.90O6 50.1397 0.274056 3.54992 1.00153 23.1246 0 16.9888 4.77623 0.145299 0 0
5000.00 1273.15 24.799819 54.520866 -280258.142667 7.240393 28.635208 cpx Na0.01Ca0.19Fe''0.74Mg0.96Fe'''0.03Ti0.01Al0.16Si1.91O6 50.1669 0.265258 3.50558 0.97644 23.2307 0 16.9819 4.73004 0.143142 0 0
5000.00 1268.15 24.943706 54.715373 -281823.303801 7.279526 28.782001 cpx Na0.01Ca0.19Fe''0.74Mg0.96Fe'''0.03Ti0.01Al0.15Si1.91O6 50.1938 0.256688 3.46137 0.951668 23.3366 0 16.9749 4.68394 0.140993 0 0
5000.00 1263.15 25.084250 54.900785 -283349.939217 7.317647 28.924615 cpx Na0.01Ca0.19Fe''0.74Mg0.96Fe'''0.03Ti0.01Al0.15Si1.91O6 50.2204 0.248341 3.41729 0.927215 23.442 0 16.968 4.63795 0.138853 0 0
5000.00 1258.15 25.221487 55.077224 -284838.532679 7.354768 29.063099 cpx Na0.01Ca0.19Fe''0.75Mg0.96Fe'''0.03Ti0.01Al0.15Si1.91O6 50.2465 0.240214 3.37335 0.903086 23.547 0 16.9611 4.59206 0.136724 0 0
5000.00 1253.15 25.355455 55.244815 -286289.568508 7.390901 29.197503 cpx Na0.01Ca0.19Fe''0.75Mg0.96Fe'''0.03Ti0.01Al0.15Si1.91O6 50.2723 0.232302 3.32956 0.879283 23.6515 0 16.9541 4.54629 0.134604 0 0
5000.00 1248.15 25.486192 55.403683 -287703.531920 7.426060 29.327876 cpx Na0.01Ca0.18Fe''0.76Mg0.96Fe'''0.02Ti0.01Al0.15Si1.91O6 50.2977 0.224601 3.28592 0.855813 23.7557 0 16.9471 4.50064 0.132495 0 0
5000.00 1243.15 25.613735 55.553950 -289080.909331 7.460257 29.454267 cpx Na0.01Ca0.18Fe''0.76Mg0.96Fe'''0.02Ti0.01Al0.15Si1.91O6 50.3227 0.217107 3.24245 0.832678 23.8593 0 16.9402 4.45511 0.130396 0 0
5000.00 1238.15 25.738122 55.695741 -290422.188646 7.493503 29.576726 cpx Na0.01Ca0.18Fe''0.76Mg0.96Fe'''0.02Ti0.01Al0.14Si1.92O6 50.3474 0.209817 3.19914 0.809882 23.9625 0 16.9332 4.4097 0.128309 0 0
5000.00 1233.15 25.859391 55.829179 -291727.859498 7.525813 29.695303 cpx Na0.01Ca0.18Fe''0.77Mg0.96Fe'''0.02Ti0.01Al0.14Si1.92O6 50.3717 0.202726 3.156 0.787429 24.0652 0 16.9263 4.36442 0.126234 0 0
5000.00 1228.15 25.977581 55.954386 -292998.413470 7.557197 29.810046 cpx Na0.01Ca0.18Fe''0.77Mg0.96Fe'''0.02Ti0.01Al0.14Si1.92O6 50.3956 0.19583 3.11305 0.765323 24.1674 0 16.9193 4.31927 0.124171 0 0
5000.00 1223.15 26.092730 56.071488 -294234.344269 7.587670 29.921006 cpx Na0.01Ca0.17Fe''0.77Mg0.96Fe'''0.02Ti0.01Al0.14Si1.92O6 50.4192 0.189126 3.07029 0.743567 24.2691 0 16.9124 4.27426 0.122121 0 0
5000.00 1218.15 26.204877 56.180606 -295436.147878 7.617244 30.028233 cpx Na0.01Ca0.17Fe''0.78Mg0.96Fe'''0.02Ti0.01Al0.14Si1.92O6 50.4423 0.182609 3.02772 0.722163 24.3702 0 16.9055 4.22938 0.120084 0 0
5000.00 1213.15 26.314062 56.281864 -296604.322663 7.645931 30.131778 cpx Na0.01Ca0.17Fe''0.78Mg0.96Fe'''0.02Ti0.01Al0.13Si1.92O6 50.4652 0.176276 2.98535 0.701115 24.4708 0 16.8986 4.18464 0.11806 0 0
5000.00 1208.15 26.420323 56.375387 -297739.369449 7.673744 30.231690 cpx Na0.01Ca0.17Fe''0.78Mg0.96Fe'''0.02Ti0.00Al0.13Si1.92O6 50.4876 0.170122 2.94319 0.680425 24.5708 0 16.8917 4.14004 0.11605 0 0
5000.00 1203.15 26.523701 56.461296 -298841.791568 7.700697 30.328020 cpx Na0.01Ca0.17Fe''0.79Mg0.96Fe'''0.02Ti0.00Al0.13Si1.92O6 50.5097 0.164145 2.90125 0.660096 24.6703 0 16.8849 4.0956 0.114054 0 0
5000.00 1198.15 26.624235 56.539717 -299912.094861 7.726802 30.420820 cpx Na0.01Ca0.17Fe''0.79Mg0.96Fe'''0.02Ti0.00Al0.13Si1.93O6 50.5314 0.158339 2.85953 0.64013 24.7692 0 16.878 4.0513 0.112072 0 0
5000.00 1193.15 26.721967 56.610772 -300950.787661 7.752073 30.510140 cpx Na0.01Ca0.16Fe''0.79Mg0.96Fe'''0.02Ti0.00Al0.13Si1.93O6 50.5528 0.152703 2.81804 0.620529 24.8675 0 16.8712 4.00715 0.110106 0 0
5000.00 1188.15 26.816938 56.674585 -301958.380728 7.776522 30.596032 cpx Na0.01Ca0.16Fe''0.80Mg0.96Fe'''0.02Ti0.00Al0.12Si1.93O6 50.5738 0.147231 2.77678 0.601294 24.9652 0 16.8644 3.96316 0.108155 0 0
5000.00 1183.15 26.909187 56.731280 -302935.387174 7.800163 30.678548 cpx Na0.01Ca0.16Fe''0.80Mg0.96Fe'''0.02Ti0.00Al0.12Si1.93O6 50.5944 0.141921 2.73577 0.582427 25.0622 0 16.8577 3.91933 0.10622 0 0
5000.00 1178.15 26.998758 56.780981 -303882.322338 7.823009 30.757739 cpx Na0.01Ca0.16Fe''0.80Mg0.96Fe'''0.02Ti0.00Al0.12Si1.93O6 50.6147 0.136769 2.69501 0.563929 25.1587 0 16.8509 3.87566 0.104301 0 0
5000.00 1173.15 27.085691 56.823809 -304799.703650 7.845074 30.833657 cpx Na0.01Ca0.16Fe''0.81Mg0.96Fe'''0.02Ti0.00Al0.12Si1.93O6 50.6346 0.131771 2.65451 0.545801 25.2545 0 16.8442 3.83216 0.102398 0 0
5000.00 1168.15 27.170029 56.859890 -305688.050457 7.866370 30.906355 cpx Na0.01Ca0.15Fe''0.81Mg0.96Fe'''0.02Ti0.00Al0.12Si1.93O6 50.6542 0.126923 2.61427 0.528043 25.3497 0 16.8375 3.78882 0.100512 0 0
5000.00 1163.15 27.224607 56.834014 -306262.904905 7.879146 30.945695 cpx Na0.01Ca0.15Fe''0.81Mg0.96Fe'''0.01Ti0.00Al0.12Si1.93O6 50.6691 0.122285 2.58336 0.512866 25.4359 0 16.8322 3.74534 0.0989804 0 0
5000.00 1158.15 27.192689 56.631580 -305931.064524 7.867227 30.888857 cpx Na0.01Ca0.15Fe''0.81Mg0.96Fe'''0.01Ti0.00Al0.12Si1.93O6 50.6705 0.117972 2.58123 0.50485 25.4952 0 16.8306 3.7011 0.0985236 0 0
5000.00 1153.15 27.161582 56.430613 -305607.657303 7.855543 30.832805 cpx Na0.01Ca0.15Fe''0.82Mg0.96Fe'''0.01Ti0.00Al0.12Si1.94O6 50.6717 0.11378 2.57915 0.496879 25.5546 0 16.8287 3.65708 0.0980674 0 0
5000.00 1148.15 27.131275 56.231076 -305292.564831 7.844089 30.777524 cpx Na0.01Ca0.15Fe''0.82Mg0.96Fe'''0.01Ti0.00Al0.12Si1.94O6 50.6726 0.109708 2.57712 0.488953 25.6141 0 16.8266 3.61327 0.0976119 0 0
5000.00 1143.15 27.101759 56.032935 -304985.671034 7.832864 30.723000 cpx Na0.01Ca0.15Fe''0.82Mg0.96Fe'''0.01Ti0.00Al0.12Si1.94O6 50.6733 0.105751 2.57514 0.481073 25.6736 0 16.8242 3.56969 0.0971568 0 0
