Title: MORB_Gale2013-0

Phase Masses:
Pressure Temperature mass liquid_0 olivine_0 clinopyroxene_0 clinopyroxene_1 clinopyroxene_2 feldspar_0 rhm-oxide_0 whitlockite 
5000.00 1573.15 100.142974 100.142974 0.000000 0.000000 0.000000 0.000000 0.000000 0.000000 0.000000 
5000.00 1568.15 100.143125 100.143125 0.000000 0.000000 0.000000 0.000000 0.000000 0.000000 0.000000 
5000.00 1563.15 100.143281 100.143281 0.000000 0.000000 0.000000 0.000000 0.000000 0.000000 0.000000 
5000.00 1558.15 100.143443 100.143443 0.000000 0.000000 0.000000 0.000000 0.000000 0.000000 0.000000 
5000.00 1553.15 100.143610 100.143610 0.000000 0.000000 0.000000 0.000000 0.000000 0.000000 0.000000 
5000.00 1548.15 100.143783 100.143783 0.000000 0.000000 0.000000 0.000000 0.000000 0.000000 0.000000 
5000.00 1543.15 100.143962 100.143962 0.000000 0.000000 0.000000 0.000000 0.000000 0.000000 0.000000 
5000.00 1538.15 100.144146 100.144146 0.000000 0.000000 0.000000 0.000000 0.000000 0.000000 0.000000 
5000.00 1533.15 100.144009 98.619696 0.000000 1.524313 0.000000 0.000000 0.000000 0.000000 0.000000 
5000.00 1528.15 100.143766 95.765375 0.000000 4.378391 0.000000 0.000000 0.000000 0.000000 0.000000 
5000.00 1523.15 100.143736 93.013998 0.000000 7.129738 0.000000 0.000000 0.000000 0.000000 0.000000 
5000.00 1518.15 100.143894 90.366285 0.000000 9.777609 0.000000 0.000000 0.000000 0.000000 0.000000 
5000.00 1513.15 100.144148 87.542986 0.000000 12.389773 0.000000 0.000000 0.211389 0.000000 0.000000 
5000.00 1508.15 100.142883 79.832998 0.000000 15.971536 0.000000 0.000000 4.338349 0.000000 0.000000 
5000.00 1503.15 100.141438 72.590476 0.000000 19.226084 0.000000 0.000000 8.324878 0.000000 0.000000 
5000.00 1498.15 100.139972 65.896090 0.000000 21.406185 0.748631 0.000000 12.089066 0.000000 0.000000 
5000.00 1493.15 100.138633 59.782810 0.000000 21.662755 3.123296 0.000000 15.569772 0.000000 0.000000 
5000.00 1488.15 100.137429 54.281482 0.000000 21.907968 5.247558 0.000000 18.700420 0.000000 0.000000 
5000.00 1483.15 100.136348 49.288301 0.000000 22.155841 7.157181 0.000000 21.535024 0.000000 0.000000 
5000.00 1478.15 100.135380 44.721557 0.000000 22.412556 8.884668 0.000000 24.116599 0.000000 0.000000 
5000.00 1473.15 100.134514 40.514209 0.000000 22.679140 10.459784 0.000000 26.481381 0.000000 0.000000 
5000.00 1468.15 100.133736 36.613184 0.000000 22.953925 11.908097 0.000000 28.658530 0.000000 0.000000 
5000.00 1463.15 100.133029 32.975121 0.000000 23.233513 13.251679 0.000000 30.672717 0.000000 0.000000 
5000.00 1458.15 100.132369 29.563616 0.000000 23.513367 14.509490 0.000000 32.545896 0.000000 0.000000 
5000.00 1453.15 100.131721 26.347705 0.000000 23.788139 15.697539 0.000000 34.298338 0.000000 0.000000 
5000.00 1448.15 100.131034 23.301439 0.000000 24.051816 16.829029 0.000000 35.948751 0.000000 0.000000 
5000.00 1443.15 100.130246 20.407371 0.000000 24.298228 17.914359 0.000000 37.510288 0.000000 0.000000 
5000.00 1438.15 100.129321 17.674695 0.000000 24.523622 18.960161 0.000000 38.970843 0.000000 0.000000 
5000.00 1433.15 100.128363 15.160603 0.000000 24.737975 19.976277 0.000000 40.245437 0.000000 0.008071 
5000.00 1428.15 100.127666 12.965830 0.000000 24.959804 20.969304 0.000000 41.196993 0.000000 0.035735 
5000.00 1423.15 100.127383 11.165463 0.000000 25.176695 21.905067 0.000000 41.818909 0.000000 0.061249 
5000.00 1418.15 100.127319 9.662794 0.000000 25.377978 22.792713 0.000000 42.208421 0.000000 0.085413 
5000.00 1413.15 100.127225 8.374908 0.000000 25.553325 23.636295 0.000000 42.454286 0.000000 0.108412 
5000.00 1408.15 100.126905 7.257798 0.000000 25.696598 24.429070 0.000000 42.613408 0.000000 0.130031 
5000.00 1403.15 100.126840 5.089974 0.000000 26.596605 24.389466 0.000000 43.238098 0.617538 0.195159 
5000.00 1398.15 100.126237 3.816717 0.000000 27.085815 24.428357 0.000000 43.602454 0.960481 0.232413 
5000.00 1393.15 100.125489 2.928020 0.000000 27.425314 24.440631 0.000000 43.863464 1.209224 0.258837 
5000.00 1388.15 100.124730 2.285246 0.000000 27.671066 24.440492 0.000000 44.053264 1.396212 0.278451 
5000.00 1383.15 100.121928 1.443222 0.165674 27.911358 24.225972 0.000000 44.412320 1.651946 0.311435 
5000.00 1378.15 100.114827 0.190991 0.570013 28.126246 23.667288 0.000000 45.133511 2.055785 0.370993 
5000.00 1373.15 100.112801 0.000000 0.636173 28.134128 23.607675 0.000000 45.241000 2.113232 0.380592 
5000.00 1368.15 100.111886 0.000000 0.645173 28.116298 23.642230 0.000000 45.223227 2.104366 0.380592 
5000.00 1363.15 100.110968 0.000000 0.654130 28.099225 23.676516 0.000000 45.205259 2.095246 0.380592 
5000.00 1358.15 100.110046 0.000000 0.663040 28.082852 23.710613 0.000000 45.187090 2.085859 0.380592 
5000.00 1353.15 100.109121 0.000000 0.671900 28.067126 23.744599 0.000000 45.168712 2.076192 0.380592 
5000.00 1348.15 100.108192 0.000000 0.680707 28.051995 23.778552 0.000000 45.150116 2.066229 0.380592 
5000.00 1343.15 100.107259 0.000000 0.689456 28.037413 23.812547 0.000000 45.131294 2.055957 0.380592 
5000.00 1338.15 100.106323 0.000000 0.698144 28.023334 23.846660 0.000000 45.112235 2.045357 0.380592 
5000.00 1333.15 100.105383 0.000000 0.706767 28.009716 23.880965 0.000000 45.092931 2.034413 0.380592 
5000.00 1328.15 100.104439 0.000000 0.715321 27.996516 23.915539 0.000000 45.073368 2.023103 0.380592 
5000.00 1323.15 100.103491 0.000000 0.723801 27.983695 23.950460 0.000000 45.053537 2.011407 0.380592 
5000.00 1318.15 100.102539 0.000000 0.732202 27.971213 23.985808 0.000000 45.033424 1.999301 0.380592 
5000.00 1313.15 100.101583 0.000000 0.740519 27.959031 24.021665 0.000000 45.013015 1.986760 0.380592 
5000.00 1308.15 100.100622 0.000000 0.748749 27.947113 24.058118 0.000000 44.992295 1.973755 0.380592 
5000.00 1303.15 100.099656 0.000000 0.756886 27.935415 24.095256 0.000000 44.971251 1.960257 0.380592 
5000.00 1298.15 100.098685 0.000000 0.764926 27.923896 24.133176 0.000000 44.949866 1.946230 0.380592 
5000.00 1293.15 100.097523 0.000000 0.772590 27.820089 24.190087 0.091932 44.920943 1.921290 0.380592 
5000.00 1288.15 100.095314 0.000000 0.778557 27.208495 24.347722 0.690589 44.851443 1.837916 0.380592 
5000.00 1283.15 100.093121 0.000000 0.784342 26.621274 24.501864 1.267735 44.782229 1.755085 0.380592 
5000.00 1278.15 100.090946 0.000000 0.789946 26.057109 24.652551 1.824592 44.713335 1.672821 0.380592 
5000.00 1273.15 100.088790 0.000000 0.795374 25.514794 24.799819 2.362271 44.644793 1.591147 0.380592 
5000.00 1268.15 100.086653 0.000000 0.800629 24.993223 24.943706 2.881781 44.576633 1.510088 0.380592 
5000.00 1263.15 100.084535 0.000000 0.805714 24.491377 25.084250 3.384050 44.508886 1.429666 0.380592 
5000.00 1258.15 100.082438 0.000000 0.810632 24.008314 25.221487 3.869924 44.441585 1.349905 0.380592 
5000.00 1253.15 100.080362 0.000000 0.815388 23.543164 25.355455 4.340181 44.374758 1.270825 0.380592 
5000.00 1248.15 100.078308 0.000000 0.819983 23.095120 25.486192 4.795537 44.308435 1.192448 0.380592 
5000.00 1243.15 100.076277 0.000000 0.824423 22.663431 25.613735 5.236655 44.242646 1.114796 0.380592 
5000.00 1238.15 100.074268 0.000000 0.828710 22.247395 25.738122 5.664144 44.177419 1.037887 0.380592 
5000.00 1233.15 100.072284 0.000000 0.832848 21.846359 25.859391 6.078572 44.112782 0.961741 0.380592 
5000.00 1228.15 100.070324 0.000000 0.836840 21.459709 25.977581 6.480464 44.048762 0.886377 0.380592 
5000.00 1223.15 100.068388 0.000000 0.840690 21.086870 26.092730 6.870309 43.985385 0.811813 0.380592 
5000.00 1218.15 100.066479 0.000000 0.844401 20.727301 26.204877 7.248566 43.922677 0.738065 0.380592 
5000.00 1213.15 100.064595 0.000000 0.847977 20.380493 26.314062 7.615659 43.860663 0.665149 0.380592 
5000.00 1208.15 100.062737 0.000000 0.851421 20.045963 26.420323 7.971989 43.799367 0.593082 0.380592 
5000.00 1203.15 100.060907 0.000000 0.854738 19.723257 26.523701 8.317930 43.738812 0.521877 0.380592 
5000.00 1198.15 100.059104 0.000000 0.857930 19.411944 26.624235 8.653835 43.679020 0.451549 0.380592 
5000.00 1193.15 100.057329 0.000000 0.861001 19.111612 26.721967 8.980036 43.620012 0.382109 0.380592 
5000.00 1188.15 100.055582 0.000000 0.863954 18.821873 26.816938 9.296847 43.561808 0.313570 0.380592 
5000.00 1183.15 100.053864 0.000000 0.866794 18.542357 26.909187 9.604564 43.504428 0.245943 0.380592 
5000.00 1178.15 100.052175 0.000000 0.869523 18.272708 26.998758 9.903468 43.447889 0.179237 0.380592 
5000.00 1173.15 100.050515 0.000000 0.872145 18.012589 27.085691 10.193825 43.392210 0.113463 0.380592 
5000.00 1168.15 100.048885 0.000000 0.874664 17.761677 27.170029 10.475889 43.337406 0.048627 0.380592 
5000.00 1163.15 100.047501 0.000000 0.877261 17.589020 27.224607 10.684293 43.291728 0.000000 0.380592 
5000.00 1158.15 100.046814 0.000000 0.880362 17.638522 27.192689 10.682182 43.272468 0.000000 0.380592 
5000.00 1153.15 100.046131 0.000000 0.883428 17.687225 27.161582 10.680048 43.253256 0.000000 0.380592 
5000.00 1148.15 100.045452 0.000000 0.886458 17.735149 27.131275 10.677886 43.234092 0.000000 0.380592 
5000.00 1143.15 100.044775 0.000000 0.889448 17.782308 27.101759 10.675693 43.214975 0.000000 0.380592 
