Title: MORB_Gale2013-2

Liquid Composition:
Pressure Temperature mass SiO2 TiO2 Al2O3 Fe2O3 FeO MnO MgO CaO Na2O K2O P2O5 
5000.00 1573.15 100.148453 50.8764 1.53333 14.3751 1.47951 9.35018 0.162471 7.78932 11.5095 2.61073 0.152841 0.160641
5000.00 1568.15 100.148609 50.8763 1.53333 14.3751 1.48107 9.34876 0.162471 7.78931 11.5094 2.61073 0.152841 0.16064
5000.00 1563.15 100.148771 50.8762 1.53332 14.3751 1.48268 9.34729 0.16247 7.78929 11.5094 2.61072 0.152841 0.16064
5000.00 1558.15 100.148939 50.8761 1.53332 14.3751 1.48435 9.34577 0.16247 7.78928 11.5094 2.61072 0.152841 0.16064
5000.00 1553.15 100.149113 50.8761 1.53332 14.375 1.48608 9.3442 0.16247 7.78927 11.5094 2.61072 0.15284 0.160639
5000.00 1548.15 100.149292 50.876 1.53332 14.375 1.48786 9.34257 0.162469 7.78925 11.5094 2.61071 0.15284 0.160639
5000.00 1543.15 100.149478 50.8759 1.53331 14.375 1.48971 9.34089 0.162469 7.78924 11.5093 2.61071 0.15284 0.160639
5000.00 1538.15 97.107735 50.8422 1.57346 14.6904 1.49508 9.41348 0.167558 7.44951 11.3596 2.68533 0.157627 0.165671
5000.00 1533.15 94.200121 50.8236 1.61236 14.9964 1.49911 9.48499 0.17273 7.1323 11.1849 2.76028 0.162493 0.170784
5000.00 1528.15 91.402091 50.8187 1.65023 15.2957 1.50179 9.55035 0.178018 6.82833 10.9974 2.83609 0.167467 0.176012
5000.00 1523.15 88.712579 50.8275 1.68688 15.5876 1.50307 9.60715 0.183415 6.53579 10.802 2.91267 0.172544 0.181349
5000.00 1518.15 86.126089 50.8502 1.72216 15.8721 1.50295 9.65396 0.188923 6.25361 10.6015 2.99 0.177726 0.186795
5000.00 1513.15 83.636181 50.8872 1.7559 16.1493 1.50141 9.68974 0.194547 5.98104 10.3973 3.06811 0.183017 0.192356
5000.00 1508.15 77.723133 50.8931 1.86722 16.0531 1.54096 10.0102 0.209348 5.74443 10.1249 3.15424 0.195599 0.20699
5000.00 1503.15 70.792195 50.8509 2.02412 15.7824 1.59949 10.4538 0.229844 5.51744 9.87058 3.23187 0.212266 0.227255
5000.00 1498.15 64.409777 50.7712 2.19528 15.4942 1.65891 10.897 0.25262 5.29517 9.66161 3.29424 0.230044 0.249774
5000.00 1493.15 58.582609 50.6538 2.37989 15.1963 1.71826 11.3376 0.277748 5.08379 9.4891 3.3402 0.24876 0.274619
5000.00 1488.15 53.211914 50.4995 2.5783 14.8825 1.77835 11.7764 0.305781 4.87948 9.35895 3.36986 0.268536 0.302336
5000.00 1483.15 48.325238 50.3083 2.78944 14.5706 1.83714 12.2104 0.336702 4.69124 9.25201 3.3823 0.289061 0.332909
5000.00 1478.15 43.855954 50.0779 3.01518 14.2617 1.89445 12.6395 0.371015 4.51912 9.16701 3.37699 0.310323 0.366835
5000.00 1473.15 39.741338 49.805 3.2581 13.9548 1.95038 13.0644 0.409427 4.36232 9.10524 3.35314 0.332336 0.404815
5000.00 1468.15 35.932882 49.4854 3.52129 13.6486 2.00499 13.4856 0.452822 4.22033 9.06858 3.30956 0.355087 0.447721
5000.00 1463.15 32.392419 49.1133 3.80862 13.3416 2.05837 13.9034 0.502315 4.09293 9.05973 3.24461 0.378521 0.496656
5000.00 1458.15 29.089761 48.6807 4.12515 13.0313 2.11063 14.3186 0.559344 3.9802 9.08243 3.15605 0.402517 0.553043
5000.00 1453.15 26.001519 48.1768 4.47762 12.7147 2.16199 14.7322 0.625779 3.88258 9.1418 3.04094 0.426856 0.618729
5000.00 1448.15 23.110434 47.5863 4.87535 12.3869 2.21279 15.1462 0.704063 3.80094 9.24479 2.89544 0.451148 0.696131
5000.00 1443.15 20.405223 46.8875 5.33141 12.0413 2.26361 15.5636 0.797403 3.73662 9.40058 2.71478 0.474733 0.788421
5000.00 1438.15 17.881286 46.0512 5.86422 11.6686 2.31532 15.9886 0.909957 3.69136 9.62081 2.49366 0.496523 0.899706
5000.00 1433.15 15.499363 45.0867 6.50562 11.2734 2.36671 16.4363 1.0498 3.66042 9.8764 2.23192 0.515782 0.996952
5000.00 1428.15 13.291819 44.0028 7.27722 10.8609 2.41556 16.8932 1.22415 3.63867 10.1531 1.93609 0.530951 1.06731
5000.00 1423.15 11.364099 42.8051 8.15924 10.4325 2.46011 17.2919 1.43181 3.62188 10.4779 1.62581 0.540098 1.15374
5000.00 1418.15 9.752723 41.6333 9.09027 10.0352 2.49279 17.5478 1.66837 3.5923 10.804 1.34014 0.545255 1.25049
5000.00 1413.15 8.442117 40.6165 9.99543 9.70948 2.50808 17.6069 1.92738 3.5391 11.092 1.10473 0.549993 1.35033
5000.00 1408.15 7.376283 39.7912 10.8353 9.46216 2.50591 17.4774 2.20588 3.46386 11.3322 0.919799 0.55637 1.44994
5000.00 1403.15 6.498635 39.1356 11.6006 9.28033 2.48911 17.1976 2.50379 3.37326 11.5309 0.774914 0.564621 1.54927
5000.00 1398.15 5.073232 39.434 11.598 9.42251 2.40458 16.4105 3.07433 3.22083 11.5075 0.713772 0.598908 1.61509
5000.00 1393.15 3.978992 39.7487 11.5037 9.57753 2.31595 15.6219 3.71015 3.08739 11.4569 0.663511 0.627918 1.6863
5000.00 1388.15 3.171064 39.9239 11.4294 9.69247 2.23582 14.9234 4.37368 2.97794 11.4142 0.612582 0.64695 1.7697
5000.00 1383.15 2.552133 39.9333 11.3879 9.76022 2.16673 14.3272 5.06579 2.88936 11.3865 0.559392 0.655425 1.86822
5000.00 1378.15 2.063392 39.7602 11.3864 9.77781 2.10982 13.8339 5.79121 2.81912 11.3789 0.503791 0.653156 1.98562
5000.00 1373.15 1.668486 39.3987 11.4257 9.7455 2.06516 13.4365 6.55612 2.76483 11.3939 0.446801 0.640514 2.1263
5000.00 1368.15 1.274424 39.3601 11.3742 9.78766 1.99997 12.885 7.24542 2.68944 11.373 0.406548 0.639499 2.2392
5000.00 1363.15 0.604667 45.6493 9.20866 11.2033 1.57638 9.84622 6.49063 2.24109 10.3846 0.66429 0.920133 1.8155
5000.00 1358.15 0.221567 50.9475 7.4572 12.0322 1.25992 7.6993 5.71289 1.87889 9.38962 0.927002 1.17942 1.51601
5000.00 1353.15 0.000000 ---
5000.00 1348.15 0.000000 ---
5000.00 1343.15 0.000000 ---
5000.00 1338.15 0.000000 ---
5000.00 1333.15 0.000000 ---
5000.00 1328.15 0.000000 ---
5000.00 1323.15 0.000000 ---
5000.00 1318.15 0.000000 ---
5000.00 1313.15 0.000000 ---
5000.00 1308.15 0.000000 ---
5000.00 1303.15 0.000000 ---
5000.00 1298.15 0.000000 ---
5000.00 1293.15 0.000000 ---
5000.00 1288.15 0.000000 ---
5000.00 1283.15 0.000000 ---
5000.00 1278.15 0.000000 ---
5000.00 1273.15 0.000000 ---
5000.00 1268.15 0.000000 ---
5000.00 1263.15 0.000000 ---
5000.00 1258.15 0.000000 ---
5000.00 1253.15 0.000000 ---
5000.00 1248.15 0.000000 ---
5000.00 1243.15 0.000000 ---
5000.00 1238.15 0.000000 ---
5000.00 1233.15 0.000000 ---
5000.00 1228.15 0.000000 ---
5000.00 1223.15 0.000000 ---
5000.00 1218.15 0.000000 ---
5000.00 1213.15 0.000000 ---
5000.00 1208.15 0.000000 ---
5000.00 1203.15 0.000000 ---
5000.00 1198.15 0.000000 ---
5000.00 1193.15 0.000000 ---
5000.00 1188.15 0.000000 ---
5000.00 1183.15 0.000000 ---
5000.00 1178.15 0.000000 ---
5000.00 1173.15 0.000000 ---
5000.00 1168.15 0.000000 ---
5000.00 1163.15 0.000000 ---
5000.00 1158.15 0.000000 ---
5000.00 1153.15 0.371513 1.81176 0.256563 0.00889542 0.0141015 0.00853447 2.11784 1.12531 51.3461 8.58742e-006 0.00721533 43.3037
5000.00 1148.15 0.371284 1.79027 0.250743 0.00848885 0.0134846 0.00808386 2.11085 1.10392 51.3768 7.57368e-006 0.00689984 43.3304
5000.00 1143.15 0.371059 1.76914 0.245062 0.00809825 0.012894 0.00765584 2.10378 1.08292 51.4071 6.67129e-006 0.00659575 43.3567
5000.00 1138.15 0.370675 1.73854 0.234713 0.00783756 0.0125328 0.0073624 2.06198 1.06966 51.4593 6.27405e-006 0.00642074 43.4016
5000.00 1133.15 0.370333 1.71294 0.222248 0.00761886 0.0121462 0.00706131 2.02244 1.0617 51.5059 5.73949e-006 0.00626813 43.4417
5000.00 1128.15 0.370002 1.68802 0.210426 0.00740838 0.0117784 0.00677608 1.98379 1.05395 51.5511 5.24833e-006 0.00611994 43.4806
5000.00 1123.15 0.369680 1.66375 0.199214 0.00720566 0.0114285 0.00650572 1.946 1.04643 51.5951 4.79715e-006 0.00597594 43.5184
5000.00 1118.15 0.369369 1.64011 0.188579 0.00701023 0.0110955 0.00624932 1.90905 1.03912 51.6378 4.38279e-006 0.00583596 43.5551
5000.00 1113.15 0.369066 1.61708 0.17849 0.00682172 0.0107784 0.00600603 1.8729 1.03201 51.6794 4.00235e-006 0.00569981 43.5908
5000.00 1108.15 0.368773 1.59464 0.168918 0.00663973 0.0104765 0.00577506 1.83752 1.02512 51.7198 3.65316e-006 0.00556732 43.6255
5000.00 1103.15 0.368487 1.57278 0.159835 0.00646392 0.010189 0.00555568 1.80288 1.01844 51.7591 3.33275e-006 0.00543833 43.6593
5000.00 1098.15 0.368211 1.55147 0.151217 0.00629396 0.00991502 0.00534723 1.76898 1.01196 51.7974 3.03885e-006 0.00531271 43.6921
5000.00 1093.15 0.367942 1.5307 0.14304 0.00612957 0.00965403 0.00514906 1.73576 1.00568 51.8346 2.76937e-006 0.00519031 43.7241
5000.00 1088.15 0.367680 1.51046 0.13528 0.00597046 0.00940536 0.0049606 1.70323 0.999611 51.8709 2.52237e-006 0.00507099 43.7551
5000.00 1083.15 0.367426 1.49073 0.127917 0.00581638 0.00916843 0.00478131 1.67135 0.993738 51.9062 2.29607e-006 0.00495465 43.7854
5000.00 1078.15 0.367179 1.4715 0.12093 0.00566707 0.00894267 0.00461068 1.6401 0.988066 51.9405 2.08883e-006 0.00484117 43.8148
5000.00 1073.15 0.366940 1.45274 0.1143 0.00552232 0.0087276 0.00444824 1.60947 0.982592 51.974 1.89913e-006 0.00473043 43.8435
5000.00 1068.15 0.366706 1.43447 0.108011 0.00538191 0.00852272 0.00429354 1.57944 0.977316 52.0066 1.72556e-006 0.00462235 43.8714
5000.00 1063.15 0.366479 1.41665 0.102043 0.00524565 0.0083276 0.00414618 1.54999 0.972238 52.0383 1.56683e-006 0.00451681 43.8985
5000.00 1058.15 0.366259 1.39929 0.0963826 0.00511335 0.00814182 0.00400577 1.5211 0.967358 52.0692 1.42175e-006 0.00441375 43.925
5000.00 1053.15 0.366044 1.38236 0.0910132 0.00498485 0.00796499 0.00387194 1.49276 0.962674 52.0993 1.28922e-006 0.00431306 43.9507
5000.00 1048.15 0.365835 1.36587 0.0859207 0.00485997 0.00779675 0.00374437 1.46495 0.958187 52.1287 1.16821e-006 0.00421466 43.9758
5000.00 1043.15 0.365632 1.3498 0.0810914 0.00473857 0.00763676 0.00362273 1.43765 0.953897 52.1572 1.05778e-006 0.00411849 44.0002
5000.00 1038.15 0.365435 1.33415 0.0765124 0.0046205 0.00748471 0.00350673 1.41087 0.949804 52.1851 9.57078e-007 0.00402448 44.024
5000.00 1033.15 0.365243 1.31891 0.0721713 0.00450562 0.00734031 0.00339609 1.38457 0.945909 52.2122 8.65294e-007 0.00393254 44.0471
5000.00 1028.15 0.365056 1.30406 0.0680566 0.00439382 0.00720328 0.00329054 1.35875 0.942213 52.2386 7.81691e-007 0.00384262 44.0696
5000.00 1023.15 0.364875 1.28961 0.064157 0.00428496 0.00707337 0.00318985 1.3334 0.938715 52.2643 7.0559e-007 0.00375465 44.0916
5000.00 1018.15 0.364698 1.27555 0.0604621 0.00417895 0.00695035 0.00309377 1.3085 0.935418 52.2893 6.36362e-007 0.00366858 44.1129
5000.00 1013.15 0.364527 1.26187 0.0569617 0.00407566 0.00683398 0.00300209 1.28405 0.932322 52.3136 5.73429e-007 0.00358435 44.1337