Title: MORB_Gale2013-2

Phase Volumes:
Pressure Temperature mass V liquid_0 olivine_0 clinopyroxene_0 clinopyroxene_1 clinopyroxene_2 feldspar_0 quartz rhm-oxide_0 whitlockite 
5000.00 1573.15 100.148453 36.469187 36.469187 0.000000 0.000000 0.000000 0.000000 0.000000 0.000000 0.000000 0.000000 
5000.00 1568.15 100.148609 36.456931 36.456931 0.000000 0.000000 0.000000 0.000000 0.000000 0.000000 0.000000 0.000000 
5000.00 1563.15 100.148771 36.444680 36.444680 0.000000 0.000000 0.000000 0.000000 0.000000 0.000000 0.000000 0.000000 
5000.00 1558.15 100.148939 36.432432 36.432432 0.000000 0.000000 0.000000 0.000000 0.000000 0.000000 0.000000 0.000000 
5000.00 1553.15 100.149113 36.420188 36.420188 0.000000 0.000000 0.000000 0.000000 0.000000 0.000000 0.000000 0.000000 
5000.00 1548.15 100.149292 36.407949 36.407949 0.000000 0.000000 0.000000 0.000000 0.000000 0.000000 0.000000 0.000000 
5000.00 1543.15 100.149478 36.395714 36.395714 0.000000 0.000000 0.000000 0.000000 0.000000 0.000000 0.000000 0.000000 
5000.00 1538.15 100.148881 36.239371 35.296560 0.000000 0.942811 0.000000 0.000000 0.000000 0.000000 0.000000 0.000000 
5000.00 1533.15 100.148539 36.089070 34.247171 0.000000 1.841899 0.000000 0.000000 0.000000 0.000000 0.000000 0.000000 
5000.00 1528.15 100.148402 35.944020 33.239197 0.000000 2.704823 0.000000 0.000000 0.000000 0.000000 0.000000 0.000000 
5000.00 1523.15 100.148450 35.804298 32.272329 0.000000 3.531969 0.000000 0.000000 0.000000 0.000000 0.000000 0.000000 
5000.00 1518.15 100.148671 35.669702 31.344586 0.000000 4.325116 0.000000 0.000000 0.000000 0.000000 0.000000 0.000000 
5000.00 1513.15 100.149052 35.539958 30.453615 0.000000 5.086343 0.000000 0.000000 0.000000 0.000000 0.000000 0.000000 
5000.00 1508.15 100.148270 35.353393 28.269412 0.000000 6.047515 0.000000 0.000000 1.036465 0.000000 0.000000 0.000000 
5000.00 1503.15 100.146854 35.156726 25.697076 0.000000 7.012839 0.000000 0.000000 2.446811 0.000000 0.000000 0.000000 
5000.00 1498.15 100.145406 34.977053 23.327979 0.000000 7.880344 0.000000 0.000000 3.768730 0.000000 0.000000 0.000000 
5000.00 1493.15 100.143999 34.813177 21.165112 0.000000 8.659342 0.000000 0.000000 4.988723 0.000000 0.000000 0.000000 
5000.00 1488.15 100.142729 34.662763 19.172664 0.000000 8.697485 0.667869 0.000000 6.124746 0.000000 0.000000 0.000000 
5000.00 1483.15 100.141582 34.524553 17.361095 0.000000 8.655199 1.351603 0.000000 7.156655 0.000000 0.000000 0.000000 
5000.00 1478.15 100.140540 34.396645 15.705923 0.000000 8.624520 1.970232 0.000000 8.095971 0.000000 0.000000 0.000000 
5000.00 1473.15 100.139592 34.277455 14.184077 0.000000 8.606153 2.532210 0.000000 8.955015 0.000000 0.000000 0.000000 
5000.00 1468.15 100.138726 34.165775 12.777719 0.000000 8.599366 3.045283 0.000000 9.743407 0.000000 0.000000 0.000000 
5000.00 1463.15 100.137927 34.060683 11.472793 0.000000 8.602572 3.516404 0.000000 10.468915 0.000000 0.000000 0.000000 
5000.00 1458.15 100.137176 33.961485 10.258139 0.000000 8.613708 3.951651 0.000000 11.137987 0.000000 0.000000 0.000000 
5000.00 1453.15 100.136445 33.867694 9.125050 0.000000 8.630462 4.356143 0.000000 11.756039 0.000000 0.000000 0.000000 
5000.00 1448.15 100.135695 33.779012 8.066997 0.000000 8.650366 4.733992 0.000000 12.327657 0.000000 0.000000 0.000000 
5000.00 1443.15 100.134872 33.695342 7.079561 0.000000 8.670832 5.088262 0.000000 12.856688 0.000000 0.000000 0.000000 
5000.00 1438.15 100.133907 33.616802 6.160702 0.000000 8.689161 5.420933 0.000000 13.346007 0.000000 0.000000 0.000000 
5000.00 1433.15 100.132686 33.542073 5.297023 0.000000 8.704326 5.739261 0.000000 13.797091 0.000000 0.000000 0.004372 
5000.00 1428.15 100.131172 33.471988 4.500983 0.000000 8.714203 6.043086 0.000000 14.200638 0.000000 0.000000 0.013077 
5000.00 1423.15 100.129464 33.409690 3.810522 0.000000 8.716773 6.322180 0.000000 14.539743 0.000000 0.000000 0.020472 
5000.00 1418.15 100.127724 33.355581 3.239903 0.000000 8.714747 6.574360 0.000000 14.799802 0.000000 0.000000 0.026768 
5000.00 1413.15 100.126064 33.309002 2.782831 0.000000 8.710679 6.799343 0.000000 14.983906 0.000000 0.000000 0.032243 
5000.00 1408.15 100.124459 33.268724 2.416987 0.000000 8.705120 6.998923 0.000000 15.110608 0.000000 0.000000 0.037087 
5000.00 1403.15 100.122834 33.233616 2.119944 0.000000 8.697724 7.175534 0.000000 15.199015 0.000000 0.000000 0.041400 
5000.00 1398.15 100.120926 33.195582 1.659069 0.000000 8.842024 7.189440 0.000000 15.369842 0.000000 0.080916 0.054291 
5000.00 1393.15 100.118791 33.167256 1.304541 0.000000 8.953718 7.178132 0.000000 15.517001 0.000000 0.149368 0.064496 
5000.00 1388.15 100.116600 33.145940 1.041172 0.000000 9.028690 7.165143 0.000000 15.637470 0.000000 0.201417 0.072047 
5000.00 1383.15 100.114438 33.129088 0.838116 0.000000 9.079466 7.152529 0.000000 15.738778 0.000000 0.242348 0.077851 
5000.00 1378.15 100.112356 33.115160 0.676826 0.000000 9.114003 7.141198 0.000000 15.825214 0.000000 0.275454 0.082465 
5000.00 1373.15 100.110394 33.103183 0.545912 0.000000 9.137599 7.131485 0.000000 15.899110 0.000000 0.302834 0.086243 
5000.00 1368.15 100.108050 33.092862 0.416928 0.009896 9.156817 7.108398 0.000000 15.978641 0.000000 0.331166 0.091016 
5000.00 1363.15 100.102989 33.086304 0.206797 0.071344 9.182346 7.007112 0.000000 16.132962 0.000000 0.382651 0.103092 
5000.00 1358.15 100.098937 33.081328 0.078457 0.096450 9.167878 6.968701 0.000000 16.252274 0.000000 0.409237 0.108332 
5000.00 1353.15 100.095858 33.076314 0.000000 0.105570 9.141961 6.960116 0.000000 16.335101 0.000000 0.422924 0.110642 
5000.00 1348.15 100.095074 33.069276 0.000000 0.107343 9.132152 6.970819 0.000000 16.326810 0.000000 0.421509 0.110642 
5000.00 1343.15 100.094287 33.062235 0.000000 0.109109 9.122750 6.981188 0.000000 16.318480 0.000000 0.420066 0.110642 
5000.00 1338.15 100.093498 33.055192 0.000000 0.110868 9.113729 6.991249 0.000000 16.310110 0.000000 0.418594 0.110642 
5000.00 1333.15 100.092707 33.048147 0.000000 0.112618 9.105065 7.001030 0.000000 16.301699 0.000000 0.417093 0.110642 
5000.00 1328.15 100.091913 33.041098 0.000000 0.114359 9.096736 7.010552 0.000000 16.293247 0.000000 0.415561 0.110642 
5000.00 1323.15 100.091117 33.034047 0.000000 0.116092 9.088724 7.019840 0.000000 16.284752 0.000000 0.413998 0.110642 
5000.00 1318.15 100.090319 33.026993 0.000000 0.117815 9.081008 7.028913 0.000000 16.276214 0.000000 0.412402 0.110642 
5000.00 1313.15 100.089519 33.019935 0.000000 0.119529 9.073571 7.037791 0.000000 16.267631 0.000000 0.410771 0.110642 
5000.00 1308.15 100.088716 33.012870 0.000000 0.121232 9.066398 7.046493 0.000000 16.259000 0.000000 0.409106 0.110642 
5000.00 1303.15 100.087911 33.005757 0.000000 0.122924 9.059473 7.055037 0.000000 16.250278 0.000000 0.407403 0.110642 
5000.00 1298.15 100.087104 32.998640 0.000000 0.124606 9.052781 7.063438 0.000000 16.241511 0.000000 0.405663 0.110642 
5000.00 1293.15 100.086295 32.991519 0.000000 0.126276 9.046308 7.071714 0.000000 16.232696 0.000000 0.403883 0.110642 
5000.00 1288.15 100.085484 32.984394 0.000000 0.127934 9.040043 7.079879 0.000000 16.223833 0.000000 0.402062 0.110642 
5000.00 1283.15 100.084670 32.977265 0.000000 0.129581 9.033974 7.087949 0.000000 16.214922 0.000000 0.400198 0.110642 
5000.00 1278.15 100.083854 32.970130 0.000000 0.131214 9.028089 7.095937 0.000000 16.205959 0.000000 0.398289 0.110642 
5000.00 1273.15 100.083036 32.962991 0.000000 0.132835 9.022378 7.103858 0.000000 16.196945 0.000000 0.396334 0.110642 
5000.00 1268.15 100.082216 32.955847 0.000000 0.134441 9.016831 7.111725 0.000000 16.187878 0.000000 0.394331 0.110642 
5000.00 1263.15 100.081393 32.948697 0.000000 0.136034 9.011437 7.119552 0.000000 16.178756 0.000000 0.392277 0.110642 
5000.00 1258.15 100.080568 32.941542 0.000000 0.137611 9.006189 7.127352 0.000000 16.169578 0.000000 0.390169 0.110642 
5000.00 1253.15 100.079741 32.934380 0.000000 0.139173 9.001077 7.135138 0.000000 16.160342 0.000000 0.388007 0.110642 
5000.00 1248.15 100.078911 32.927211 0.000000 0.140720 8.996092 7.142924 0.000000 16.151047 0.000000 0.385786 0.110642 
5000.00 1243.15 100.078079 32.920035 0.000000 0.142249 8.991226 7.150723 0.000000 16.141691 0.000000 0.383504 0.110642 
5000.00 1238.15 100.077216 32.912778 0.000000 0.143769 8.983105 7.159263 0.003254 16.131930 0.000000 0.380815 0.110642 
5000.00 1233.15 100.075188 32.902413 0.000000 0.145552 8.836684 7.197287 0.140556 16.107906 0.000000 0.363786 0.110642 
5000.00 1228.15 100.073183 32.892100 0.000000 0.147282 8.695198 7.234319 0.273643 16.084088 0.000000 0.346928 0.110642 
5000.00 1223.15 100.071204 32.881842 0.000000 0.148961 8.558448 7.270374 0.402687 16.060484 0.000000 0.330245 0.110642 
5000.00 1218.15 100.069251 32.871640 0.000000 0.150589 8.426251 7.305466 0.527847 16.037104 0.000000 0.313741 0.110642 
5000.00 1213.15 100.067324 32.861497 0.000000 0.152169 8.298432 7.339609 0.649270 16.013956 0.000000 0.297419 0.110642 
5000.00 1208.15 100.065424 32.851413 0.000000 0.153699 8.174827 7.372817 0.767097 15.991050 0.000000 0.281282 0.110642 
5000.00 1203.15 100.063552 32.841392 0.000000 0.155183 8.055280 7.405104 0.881458 15.968393 0.000000 0.265333 0.110642 
5000.00 1198.15 100.061707 32.831434 0.000000 0.156620 7.939645 7.436483 0.992475 15.945993 0.000000 0.249576 0.110642 
5000.00 1193.15 100.059890 32.821541 0.000000 0.158013 7.827782 7.466968 1.100266 15.923858 0.000000 0.234013 0.110642 
5000.00 1188.15 100.058102 32.811716 0.000000 0.159361 7.719558 7.496575 1.204938 15.901995 0.000000 0.218647 0.110642 
5000.00 1183.15 100.056342 32.801958 0.000000 0.160667 7.614848 7.525315 1.306596 15.880411 0.000000 0.203480 0.110642 
5000.00 1178.15 100.054613 32.792270 0.000000 0.161930 7.513530 7.553205 1.405337 15.859113 0.000000 0.188514 0.110642 
5000.00 1173.15 100.052912 32.782654 0.000000 0.163153 7.415491 7.580257 1.501253 15.838107 0.000000 0.173751 0.110642 
5000.00 1168.15 100.051242 32.773110 0.000000 0.164336 7.320621 7.606486 1.594433 15.817398 0.000000 0.159193 0.110642 
5000.00 1163.15 100.049601 32.763639 0.000000 0.165481 7.228815 7.631906 1.684960 15.796993 0.000000 0.144842 0.110642 
5000.00 1158.15 100.047992 32.754243 0.000000 0.166587 7.139972 7.656531 1.772914 15.776896 0.000000 0.130699 0.110642 
5000.00 1153.15 100.046475 32.754930 0.127481 0.159030 7.042794 7.691056 1.871631 15.749003 0.000000 0.113935 0.000000 
5000.00 1148.15 100.044923 32.745704 0.127407 0.160202 6.959880 7.713879 1.954384 15.729690 0.000000 0.100261 0.000000 
5000.00 1143.15 100.043402 32.736556 0.127334 0.161338 6.879648 7.735954 2.034787 15.710696 0.000000 0.086798 0.000000 
5000.00 1138.15 100.041825 32.698965 0.127223 0.184228 6.487966 7.849835 2.506352 15.484619 0.058743 0.000000 0.000000 
5000.00 1133.15 100.041107 32.692454 0.127126 0.184516 6.492336 7.842502 2.509832 15.478397 0.057745 0.000000 0.000000 
5000.00 1128.15 100.040396 32.685950 0.127032 0.184797 6.496736 7.835309 2.513157 15.472142 0.056775 0.000000 0.000000 
5000.00 1123.15 100.039693 32.679451 0.126941 0.185072 6.501165 7.828254 2.516334 15.465850 0.055833 0.000000 0.000000 
5000.00 1118.15 100.038997 32.672957 0.126853 0.185341 6.505621 7.821334 2.519368 15.459520 0.054920 0.000000 0.000000 
5000.00 1113.15 100.038309 32.666469 0.126767 0.185603 6.510103 7.814547 2.522264 15.453149 0.054035 0.000000 0.000000 
5000.00 1108.15 100.037628 32.659985 0.126684 0.185859 6.514610 7.807889 2.525027 15.446735 0.053180 0.000000 0.000000 
5000.00 1103.15 100.036955 32.653504 0.126604 0.186109 6.519140 7.801358 2.527662 15.440276 0.052355 0.000000 0.000000 
5000.00 1098.15 100.036289 32.647027 0.126525 0.186354 6.523694 7.794953 2.530173 15.433768 0.051561 0.000000 0.000000 
5000.00 1093.15 100.035631 32.640553 0.126449 0.186592 6.528270 7.788669 2.532565 15.427210 0.050797 0.000000 0.000000 
5000.00 1088.15 100.034981 32.634081 0.126375 0.186825 6.532869 7.782506 2.534841 15.420598 0.050066 0.000000 0.000000 
5000.00 1083.15 100.034337 32.627610 0.126304 0.187052 6.537491 7.776460 2.537006 15.413931 0.049366 0.000000 0.000000 
5000.00 1078.15 100.033702 32.621139 0.126234 0.187274 6.542135 7.770530 2.539063 15.407204 0.048699 0.000000 0.000000 
5000.00 1073.15 100.033073 32.614669 0.126166 0.187490 6.546802 7.764713 2.541015 15.400416 0.048066 0.000000 0.000000 
5000.00 1068.15 100.032453 32.608198 0.126100 0.187701 6.551492 7.759007 2.542867 15.393564 0.047466 0.000000 0.000000 
5000.00 1063.15 100.031839 32.601724 0.126036 0.187906 6.556206 7.753410 2.544621 15.386644 0.046900 0.000000 0.000000 
5000.00 1058.15 100.031233 32.595248 0.125974 0.188106 6.560943 7.747920 2.546281 15.379654 0.046370 0.000000 0.000000 
5000.00 1053.15 100.030634 32.588768 0.125913 0.188301 6.565705 7.742534 2.547850 15.372591 0.045874 0.000000 0.000000 
5000.00 1048.15 100.030042 32.582283 0.125855 0.188491 6.570492 7.737251 2.549330 15.365450 0.045415 0.000000 0.000000 
5000.00 1043.15 100.029458 32.575791 0.125797 0.188675 6.575305 7.732069 2.550724 15.358229 0.044992 0.000000 0.000000 
5000.00 1038.15 100.028880 32.569292 0.125742 0.188855 6.580144 7.726986 2.552035 15.350925 0.044605 0.000000 0.000000 
5000.00 1033.15 100.028310 32.562783 0.125688 0.189030 6.585010 7.721999 2.553266 15.343534 0.044256 0.000000 0.000000 
5000.00 1028.15 100.027747 32.556262 0.125635 0.189199 6.589903 7.717108 2.554419 15.336052 0.043944 0.000000 0.000000 
5000.00 1023.15 100.027191 32.549728 0.125584 0.189364 6.594825 7.712310 2.555497 15.328477 0.043671 0.000000 0.000000 
5000.00 1018.15 100.026642 32.543177 0.125535 0.189524 6.599775 7.707603 2.556502 15.320803 0.043435 0.000000 0.000000 
5000.00 1013.15 100.026101 32.536608 0.125487 0.189680 6.604753 7.702987 2.557436 15.313028 0.043238 0.000000 0.000000 
