Title: MORB_Gale2013-2

Phase Masses:
Pressure Temperature mass liquid_0 olivine_0 clinopyroxene_0 clinopyroxene_1 clinopyroxene_2 feldspar_0 rhm-oxide_0 whitlockite 
5000.00 1573.15 100.148453 100.148453 0.000000 0.000000 0.000000 0.000000 0.000000 0.000000 0.000000 
5000.00 1568.15 100.148609 100.148609 0.000000 0.000000 0.000000 0.000000 0.000000 0.000000 0.000000 
5000.00 1563.15 100.148771 100.148771 0.000000 0.000000 0.000000 0.000000 0.000000 0.000000 0.000000 
5000.00 1558.15 100.148939 100.148939 0.000000 0.000000 0.000000 0.000000 0.000000 0.000000 0.000000 
5000.00 1553.15 100.149113 100.149113 0.000000 0.000000 0.000000 0.000000 0.000000 0.000000 0.000000 
5000.00 1548.15 100.149292 100.149292 0.000000 0.000000 0.000000 0.000000 0.000000 0.000000 0.000000 
5000.00 1543.15 100.149478 100.149478 0.000000 0.000000 0.000000 0.000000 0.000000 0.000000 0.000000 
5000.00 1538.15 100.148881 97.107735 0.000000 3.041146 0.000000 0.000000 0.000000 0.000000 0.000000 
5000.00 1533.15 100.148539 94.200121 0.000000 5.948418 0.000000 0.000000 0.000000 0.000000 0.000000 
5000.00 1528.15 100.148402 91.402091 0.000000 8.746311 0.000000 0.000000 0.000000 0.000000 0.000000 
5000.00 1523.15 100.148450 88.712579 0.000000 11.435871 0.000000 0.000000 0.000000 0.000000 0.000000 
5000.00 1518.15 100.148671 86.126089 0.000000 14.022582 0.000000 0.000000 0.000000 0.000000 0.000000 
5000.00 1513.15 100.149052 83.636181 0.000000 16.512871 0.000000 0.000000 0.000000 0.000000 0.000000 
5000.00 1508.15 100.148270 77.723133 0.000000 19.667623 0.000000 0.000000 2.757514 0.000000 0.000000 
5000.00 1503.15 100.146854 70.792195 0.000000 22.851894 0.000000 0.000000 6.502765 0.000000 0.000000 
5000.00 1498.15 100.145406 64.409777 0.000000 25.729864 0.000000 0.000000 10.005765 0.000000 0.000000 
5000.00 1493.15 100.143999 58.582609 0.000000 28.329398 0.000000 0.000000 13.231992 0.000000 0.000000 
5000.00 1488.15 100.142729 53.211914 0.000000 28.501695 2.198703 0.000000 16.230418 0.000000 0.000000 
5000.00 1483.15 100.141582 48.325238 0.000000 28.408834 4.458903 0.000000 18.948606 0.000000 0.000000 
5000.00 1478.15 100.140540 43.855954 0.000000 28.353238 6.513292 0.000000 21.418055 0.000000 0.000000 
5000.00 1473.15 100.139592 39.741338 0.000000 28.337490 8.388549 0.000000 23.672214 0.000000 0.000000 
5000.00 1468.15 100.138726 35.932882 0.000000 28.359409 10.109197 0.000000 25.737238 0.000000 0.000000 
5000.00 1463.15 100.137927 32.392419 0.000000 28.413946 11.697289 0.000000 27.634273 0.000000 0.000000 
5000.00 1458.15 100.137176 29.089761 0.000000 28.494405 13.172101 0.000000 29.380910 0.000000 0.000000 
5000.00 1453.15 100.136445 26.001519 0.000000 28.593159 14.549813 0.000000 30.991954 0.000000 0.000000 
5000.00 1448.15 100.135695 23.110434 0.000000 28.701951 15.843303 0.000000 32.480007 0.000000 0.000000 
5000.00 1443.15 100.134872 20.405223 0.000000 28.811947 17.061965 0.000000 33.855737 0.000000 0.000000 
5000.00 1438.15 100.133907 17.881286 0.000000 28.913763 18.211538 0.000000 35.127320 0.000000 0.000000 
5000.00 1433.15 100.132686 15.499363 0.000000 29.004190 19.315971 0.000000 36.299269 0.000000 0.013893 
5000.00 1428.15 100.131172 13.291819 0.000000 29.075692 20.373899 0.000000 37.348211 0.000000 0.041550 
5000.00 1423.15 100.129464 11.364099 0.000000 29.120108 21.349156 0.000000 38.231053 0.000000 0.065048 
5000.00 1418.15 100.127724 9.752723 0.000000 29.146666 22.233327 0.000000 38.909953 0.000000 0.085055 
5000.00 1413.15 100.126064 8.442117 0.000000 29.164370 23.024667 0.000000 39.392460 0.000000 0.102450 
5000.00 1408.15 100.124459 7.376283 0.000000 29.175317 23.728722 0.000000 39.726293 0.000000 0.117844 
5000.00 1403.15 100.122834 6.498635 0.000000 29.178377 24.353403 0.000000 39.960873 0.000000 0.131545 
5000.00 1398.15 100.120926 5.073232 0.000000 29.664861 24.419816 0.000000 40.420465 0.370045 0.172507 
5000.00 1393.15 100.118791 3.978992 0.000000 30.037120 24.395782 0.000000 40.818252 0.683711 0.204934 
5000.00 1388.15 100.116600 3.171064 0.000000 30.285255 24.363316 0.000000 41.145337 0.922701 0.228927 
5000.00 1383.15 100.114438 2.552133 0.000000 30.451816 24.330489 0.000000 41.421599 1.111032 0.247368 
5000.00 1378.15 100.112356 2.063392 0.000000 30.563830 24.301035 0.000000 41.658387 1.263686 0.262027 
5000.00 1373.15 100.110394 1.668486 0.000000 30.639304 24.276497 0.000000 41.861855 1.390219 0.274033 
5000.00 1368.15 100.108050 1.274424 0.037694 30.698922 24.205681 0.000000 42.080940 1.521189 0.289199 
5000.00 1363.15 100.102989 0.604667 0.272282 30.772090 23.865586 0.000000 42.502655 1.758139 0.327570 
5000.00 1358.15 100.098937 0.221567 0.368690 30.714600 23.740154 0.000000 42.828962 1.880745 0.344219 
5000.00 1353.15 100.095858 0.000000 0.404060 30.622229 23.717277 0.000000 43.056636 1.944098 0.351559 
5000.00 1348.15 100.095074 0.000000 0.411010 30.592155 23.762212 0.000000 43.040162 1.937976 0.351559 
5000.00 1343.15 100.094287 0.000000 0.417939 30.563466 23.806025 0.000000 43.023571 1.931727 0.351559 
5000.00 1338.15 100.093498 0.000000 0.424845 30.536076 23.848811 0.000000 43.006862 1.925345 0.351559 
5000.00 1333.15 100.092707 0.000000 0.431726 30.509906 23.890656 0.000000 42.990033 1.918827 0.351559 
5000.00 1328.15 100.091913 0.000000 0.438582 30.484883 23.931642 0.000000 42.973080 1.912166 0.351559 
5000.00 1323.15 100.091117 0.000000 0.445411 30.460939 23.971846 0.000000 42.956003 1.905359 0.351559 
5000.00 1318.15 100.090319 0.000000 0.452210 30.438012 24.011340 0.000000 42.938798 1.898401 0.351559 
5000.00 1313.15 100.089519 0.000000 0.458979 30.416045 24.050190 0.000000 42.921462 1.891284 0.351559 
5000.00 1308.15 100.088716 0.000000 0.465715 30.394983 24.088461 0.000000 42.903994 1.884005 0.351559 
5000.00 1303.15 100.087911 0.000000 0.472419 30.374774 24.126213 0.000000 42.886392 1.876555 0.351559 
5000.00 1298.15 100.087104 0.000000 0.479088 30.355370 24.163503 0.000000 42.868655 1.868929 0.351559 
5000.00 1293.15 100.086295 0.000000 0.485722 30.336727 24.200388 0.000000 42.850780 1.861120 0.351559 
5000.00 1288.15 100.085484 0.000000 0.492318 30.318805 24.236919 0.000000 42.832764 1.853119 0.351559 
5000.00 1283.15 100.084670 0.000000 0.498875 30.301564 24.273150 0.000000 42.814603 1.844919 0.351559 
5000.00 1278.15 100.083854 0.000000 0.505390 30.284969 24.309128 0.000000 42.796295 1.836512 0.351559 
5000.00 1273.15 100.083036 0.000000 0.511863 30.268985 24.344904 0.000000 42.777835 1.827890 0.351559 
5000.00 1268.15 100.082216 0.000000 0.518290 30.253580 24.380524 0.000000 42.759221 1.819041 0.351559 
5000.00 1263.15 100.081393 0.000000 0.524671 30.238724 24.416036 0.000000 42.740447 1.809956 0.351559 
5000.00 1258.15 100.080568 0.000000 0.531003 30.224386 24.451485 0.000000 42.721510 1.800625 0.351559 
5000.00 1253.15 100.079741 0.000000 0.537284 30.210538 24.486919 0.000000 42.702404 1.791036 0.351559 
5000.00 1248.15 100.078911 0.000000 0.543512 30.197155 24.522383 0.000000 42.683126 1.781176 0.351559 
5000.00 1243.15 100.078079 0.000000 0.549685 30.184209 24.557923 0.000000 42.663671 1.771032 0.351559 
5000.00 1238.15 100.077216 0.000000 0.555836 30.160231 24.596075 0.011440 42.643071 1.759004 0.351559 
5000.00 1233.15 100.075188 0.000000 0.563317 29.665905 24.736814 0.494393 42.582397 1.680802 0.351559 
5000.00 1228.15 100.073183 0.000000 0.570607 29.188229 24.874266 0.962906 42.522270 1.603346 0.351559 
5000.00 1223.15 100.071204 0.000000 0.577708 28.726538 25.008473 1.417556 42.462715 1.526655 0.351559 
5000.00 1218.15 100.069251 0.000000 0.584624 28.280205 25.139479 1.858881 42.403756 1.450747 0.351559 
5000.00 1213.15 100.067324 0.000000 0.591358 27.848639 25.267327 2.287384 42.345420 1.375638 0.351559 
5000.00 1208.15 100.065424 0.000000 0.597912 27.431284 25.392058 2.703537 42.287729 1.301345 0.351559 
5000.00 1203.15 100.063552 0.000000 0.604291 27.027614 25.513717 3.107781 42.230707 1.227883 0.351559 
5000.00 1198.15 100.061707 0.000000 0.610498 26.637129 25.632347 3.500532 42.174375 1.155267 0.351559 
5000.00 1193.15 100.059890 0.000000 0.616536 26.259359 25.747990 3.882181 42.118755 1.083510 0.351559 
5000.00 1188.15 100.058102 0.000000 0.622408 25.893853 25.860691 4.253098 42.063867 1.012625 0.351559 
5000.00 1183.15 100.056342 0.000000 0.628119 25.540184 25.970494 4.613632 42.009731 0.942625 0.351559 
5000.00 1178.15 100.054613 0.000000 0.633671 25.197946 26.077441 4.964112 41.956364 0.873519 0.351559 
5000.00 1173.15 100.052912 0.000000 0.639068 24.866750 26.181578 5.304853 41.903785 0.805319 0.351559 
5000.00 1168.15 100.051242 0.000000 0.644313 24.546226 26.282949 5.636151 41.852009 0.738034 0.351559 
5000.00 1163.15 100.049601 0.000000 0.649411 24.236017 26.381598 5.958291 41.801052 0.671672 0.351559 
5000.00 1158.15 100.047992 0.000000 0.654364 23.935786 26.477570 6.271542 41.750929 0.606241 0.351559 
5000.00 1153.15 100.046475 0.371513 0.625290 23.608653 26.609655 6.623201 41.679538 0.528624 0.000000 
5000.00 1148.15 100.044923 0.371284 0.630474 23.328345 26.699521 6.918463 41.631537 0.465299 0.000000 
5000.00 1143.15 100.043402 0.371059 0.635517 23.057058 26.786860 7.205585 41.584402 0.402921 0.000000 
