Title: MORB_Gale2013-2

Solid Composition:
Pressure Temperature mass SiO2 TiO2 Al2O3 Fe2O3 FeO MnO MgO CaO Na2O K2O P2O5 
5000.00 1573.15 0.000000 ---
5000.00 1568.15 0.000000 ---
5000.00 1563.15 0.000000 ---
5000.00 1558.15 0.000000 ---
5000.00 1553.15 0.000000 ---
5000.00 1548.15 0.000000 ---
5000.00 1543.15 0.000000 ---
5000.00 1538.15 3.041146 51.9598 0.25162 4.30592 1.12271 7.20112 0 18.6388 16.2917 0.228379 0 0
5000.00 1533.15 5.948418 51.7118 0.28179 4.53587 1.18353 7.20211 0 18.1938 16.6486 0.242519 0 0
5000.00 1528.15 8.746311 51.4799 0.311684 4.75538 1.24086 7.26366 0 17.832 16.8608 0.255684 0 0
5000.00 1523.15 11.435871 51.2558 0.342148 4.96953 1.29645 7.35697 0 17.5134 16.9971 0.268515 0 0
5000.00 1518.15 14.022582 51.0363 0.373516 5.18025 1.35098 7.47024 0 17.2215 17.0859 0.281265 0 0
5000.00 1513.15 16.512871 50.8198 0.405942 5.38833 1.40474 7.59744 0 16.9478 17.1419 0.294061 0 0
5000.00 1508.15 22.425137 50.8189 0.37611 8.55968 1.2584 7.07017 0 14.8767 16.3084 0.727004 0.00465049 0
5000.00 1503.15 29.354659 50.9407 0.349808 10.982 1.13588 6.73803 0 13.2687 15.4624 1.11292 0.00954089 0
5000.00 1498.15 35.735630 51.0704 0.340362 12.3594 1.0712 6.63948 0 12.2854 14.841 1.37901 0.013705 0
5000.00 1493.15 41.561390 51.1957 0.340223 13.2192 1.03616 6.64613 0 11.6037 14.3585 1.5828 0.0176567 0
5000.00 1488.15 46.930816 51.31 0.34869 13.8016 1.01912 6.70986 0 11.0896 13.9492 1.75033 0.0216809 0
5000.00 1483.15 51.816344 51.413 0.362052 14.1948 1.01381 6.80301 0 10.6797 13.6163 1.8915 0.0258196 0
5000.00 1478.15 56.284585 51.5057 0.37891 14.4655 1.01607 6.91478 0 10.3385 13.3363 2.01404 0.0301563 0
5000.00 1473.15 60.398254 51.5888 0.398674 14.6538 1.02346 7.03939 0 10.0454 13.0931 2.12262 0.0347585 0
5000.00 1468.15 64.205844 51.6626 0.420996 14.7839 1.03443 7.17329 0 9.78789 12.8772 2.22003 0.0396774 0
5000.00 1463.15 67.745508 51.7273 0.445638 14.8715 1.04788 7.31406 0 9.55795 12.6826 2.30805 0.0449569 0
5000.00 1458.15 71.047416 51.7835 0.472373 14.9276 1.06292 7.45995 0 9.35017 12.505 2.38787 0.0506379 0
5000.00 1453.15 74.134926 51.8315 0.500918 14.9598 1.07871 7.60951 0 9.1608 12.3417 2.46027 0.0567603 0
5000.00 1448.15 77.025261 51.872 0.530853 14.974 1.09442 7.76147 0 8.98727 12.1909 2.52574 0.0633635 0
5000.00 1443.15 79.729649 51.9059 0.561545 14.9749 1.10907 7.91456 0 8.82785 12.0511 2.58455 0.0704856 0
5000.00 1438.15 82.252621 51.9344 0.592085 14.966 1.12156 8.06751 0 8.68157 11.9221 2.63664 0.0781539 0
5000.00 1433.15 84.633323 51.9462 0.623011 14.9458 1.13136 8.22152 0 8.54692 11.8107 2.68059 0.0864025 0.00751206
5000.00 1428.15 86.839352 51.9386 0.65446 14.9159 1.1379 8.37621 0 8.42618 11.7194 2.71451 0.0949976 0.0218958
5000.00 1423.15 88.765365 51.9206 0.68538 14.8829 1.14077 8.52758 0 8.32452 11.644 2.73738 0.103296 0.0335343
5000.00 1418.15 90.375001 51.8855 0.71818 14.8468 1.14157 8.67368 0 8.24402 11.5882 2.74845 0.11053 0.0430675
5000.00 1413.15 91.683947 51.8335 0.754525 14.8082 1.14142 8.81151 0 8.18257 11.5507 2.75004 0.11631 0.0511351
5000.00 1408.15 92.748176 51.7712 0.79394 14.7696 1.14004 8.93858 0 8.13534 11.5265 2.74589 0.120788 0.0581436
5000.00 1403.15 93.624199 51.7053 0.834959 14.7327 1.13672 9.05379 0 8.09798 11.5111 2.73887 0.124301 0.0642967
5000.00 1398.15 95.047694 51.5019 0.996566 14.6436 1.1415 9.23614 0.00709565 8.03542 11.5129 2.71274 0.129077 0.0830549
5000.00 1393.15 96.139799 51.3526 1.12115 14.5781 1.1374 9.37059 0.0156912 7.98632 11.5152 2.69213 0.133226 0.0975466
5000.00 1388.15 96.945536 51.2514 1.21013 14.533 1.12731 9.46604 0.0247766 7.94926 11.5164 2.67695 0.136729 0.108061
5000.00 1383.15 97.562304 51.1804 1.27608 14.5009 1.11405 9.53637 0.0342614 7.92021 11.5167 2.6653 0.139748 0.116028
5000.00 1378.15 98.048964 51.1291 1.32654 14.4772 1.09933 9.5899 0.0440766 7.89678 11.5164 2.65603 0.142369 0.122294
5000.00 1373.15 98.441908 51.0906 1.36626 14.4591 1.08427 9.63176 0.0541681 7.87749 11.5159 2.64842 0.144635 0.127387
5000.00 1368.15 98.833626 51.0457 1.40706 14.4402 1.06538 9.67557 0.0712051 7.85826 11.5159 2.64022 0.146629 0.133904
5000.00 1363.15 99.498323 50.9314 1.48738 14.401 1.02353 9.76181 0.124088 7.82659 11.5216 2.62375 0.148248 0.150657
5000.00 1358.15 99.877371 50.9015 1.52095 14.3874 0.9859 9.80373 0.150238 7.80629 11.5199 2.61576 0.15064 0.157713
5000.00 1353.15 100.095858 50.9031 1.53413 14.3827 0.955836 9.827 0.162556 7.79341 11.5155 2.6121 0.152922 0.160725
5000.00 1348.15 100.095074 50.9035 1.53415 14.3828 0.948021 9.83411 0.162557 7.79347 11.5156 2.61213 0.152923 0.160726
5000.00 1343.15 100.094287 50.9039 1.53416 14.3829 0.940183 9.84125 0.162559 7.79353 11.5157 2.61215 0.152924 0.160727
5000.00 1338.15 100.093498 50.9043 1.53417 14.383 0.932323 9.84841 0.16256 7.79359 11.5158 2.61217 0.152925 0.160729
5000.00 1333.15 100.092707 50.9047 1.53418 14.3831 0.924439 9.85558 0.162561 7.79366 11.5159 2.61219 0.152927 0.16073
5000.00 1328.15 100.091913 50.9051 1.53419 14.3832 0.916533 9.86278 0.162563 7.79372 11.516 2.61221 0.152928 0.160731
5000.00 1323.15 100.091117 50.9055 1.53421 14.3834 0.908603 9.87 0.162564 7.79378 11.5161 2.61223 0.152929 0.160733
5000.00 1318.15 100.090319 50.9059 1.53422 14.3835 0.900652 9.87724 0.162565 7.79384 11.5161 2.61225 0.15293 0.160734
5000.00 1313.15 100.089519 50.9064 1.53423 14.3836 0.892677 9.8845 0.162566 7.7939 11.5162 2.61227 0.152931 0.160735
5000.00 1308.15 100.088716 50.9068 1.53424 14.3837 0.88468 9.89179 0.162568 7.79397 11.5163 2.61229 0.152933 0.160736
5000.00 1303.15 100.087911 50.9072 1.53426 14.3838 0.876661 9.89909 0.162569 7.79403 11.5164 2.61231 0.152934 0.160738
5000.00 1298.15 100.087104 50.9076 1.53427 14.3839 0.86862 9.90641 0.16257 7.79409 11.5165 2.61233 0.152935 0.160739
5000.00 1293.15 100.086295 50.908 1.53428 14.3841 0.860557 9.91375 0.162572 7.79416 11.5166 2.61235 0.152936 0.16074
5000.00 1288.15 100.085484 50.9084 1.53429 14.3842 0.852471 9.92111 0.162573 7.79422 11.5167 2.61238 0.152938 0.160742
5000.00 1283.15 100.084670 50.9088 1.53431 14.3843 0.844364 9.9285 0.162574 7.79428 11.5168 2.6124 0.152939 0.160743
5000.00 1278.15 100.083854 50.9092 1.53432 14.3844 0.836234 9.9359 0.162576 7.79435 11.5169 2.61242 0.15294 0.160744
5000.00 1273.15 100.083036 50.9097 1.53433 14.3845 0.828081 9.94332 0.162577 7.79441 11.517 2.61244 0.152941 0.160746
5000.00 1268.15 100.082216 50.9101 1.53434 14.3846 0.819906 9.95076 0.162578 7.79447 11.5171 2.61246 0.152943 0.160747
5000.00 1263.15 100.081393 50.9105 1.53436 14.3848 0.811709 9.95823 0.16258 7.79454 11.5172 2.61248 0.152944 0.160748
5000.00 1258.15 100.080568 50.9109 1.53437 14.3849 0.803488 9.96571 0.162581 7.7946 11.5173 2.6125 0.152945 0.160749
5000.00 1253.15 100.079741 50.9113 1.53438 14.385 0.795244 9.97322 0.162582 7.79467 11.5174 2.61253 0.152946 0.160751
5000.00 1248.15 100.078911 50.9117 1.53439 14.3851 0.786976 9.98075 0.162584 7.79473 11.5175 2.61255 0.152948 0.160752
5000.00 1243.15 100.078079 50.9122 1.53441 14.3852 0.778684 9.9883 0.162585 7.7948 11.5176 2.61257 0.152949 0.160753
5000.00 1238.15 100.077216 50.9126 1.53442 14.3854 0.770088 9.99613 0.162586 7.79486 11.5177 2.61259 0.15295 0.160755
5000.00 1233.15 100.075188 50.9136 1.53445 14.3856 0.749869 10.0145 0.16259 7.79502 11.5179 2.61264 0.152953 0.160758
5000.00 1228.15 100.073183 50.9147 1.53448 14.3859 0.729895 10.0327 0.162593 7.79518 11.5181 2.6127 0.152956 0.160761
5000.00 1223.15 100.071204 50.9157 1.53451 14.3862 0.710171 10.0507 0.162596 7.79533 11.5183 2.61275 0.152959 0.160765
5000.00 1218.15 100.069251 50.9167 1.53454 14.3865 0.690704 10.0684 0.162599 7.79548 11.5186 2.6128 0.152962 0.160768
5000.00 1213.15 100.067324 50.9176 1.53457 14.3868 0.671498 10.0859 0.162602 7.79563 11.5188 2.61285 0.152965 0.160771
5000.00 1208.15 100.065424 50.9186 1.5346 14.3871 0.652559 10.1031 0.162606 7.79578 11.519 2.6129 0.152968 0.160774
5000.00 1203.15 100.063552 50.9196 1.53463 14.3873 0.633892 10.1201 0.162609 7.79593 11.5192 2.61295 0.152971 0.160777
5000.00 1198.15 100.061707 50.9205 1.53466 14.3876 0.6155 10.1369 0.162612 7.79607 11.5194 2.613 0.152974 0.16078
5000.00 1193.15 100.059890 50.9214 1.53469 14.3878 0.597388 10.1534 0.162615 7.79621 11.5196 2.61304 0.152977 0.160783
5000.00 1188.15 100.058102 50.9223 1.53471 14.3881 0.579561 10.1696 0.162617 7.79635 11.5199 2.61309 0.152979 0.160786
5000.00 1183.15 100.056342 50.9232 1.53474 14.3884 0.562021 10.1856 0.16262 7.79649 11.5201 2.61314 0.152982 0.160788
5000.00 1178.15 100.054613 50.9241 1.53477 14.3886 0.544773 10.2013 0.162623 7.79662 11.5203 2.61318 0.152985 0.160791
5000.00 1173.15 100.052912 50.925 1.53479 14.3889 0.52782 10.2167 0.162626 7.79676 11.5205 2.61323 0.152987 0.160794
5000.00 1168.15 100.051242 50.9258 1.53482 14.3891 0.511165 10.2319 0.162629 7.79689 11.5206 2.61327 0.15299 0.160797
5000.00 1163.15 100.049601 50.9267 1.53484 14.3893 0.494809 10.2468 0.162631 7.79701 11.5208 2.61331 0.152992 0.160799
5000.00 1158.15 100.047992 50.9275 1.53487 14.3896 0.478756 10.2614 0.162634 7.79714 11.521 2.61335 0.152995 0.160802
5000.00 1153.15 99.674962 51.1113 1.53966 14.4434 0.465311 10.3134 0.155349 7.82213 11.3728 2.62313 0.153541 0
5000.00 1148.15 99.673639 51.1121 1.5397 14.4436 0.449775 10.3276 0.155382 7.82231 11.3729 2.62317 0.153544 0
5000.00 1143.15 99.672343 51.1128 1.53974 14.4438 0.434549 10.3414 0.155415 7.82249 11.3731 2.6232 0.153547 0