Title: MORB_Gale2013-3

System Thermodynamic Data:
Pressure Temperature mass F phi S H V dVdP*10^6 dVdT*10^6 Cp logfO2(absolute) logfO2-QFM rhol rhos viscosity aH2O chisqr
5000.00 1573.15 100.142208 1.0000000000000000 1.000000 276.098922 -1187456.665614 36.409108 -182.033037 2544.071392 150.203345 -7.247 0.000 2.750471 0.000000 1.921 0 0.000
5000.00 1568.15 100.142359 1.0000000000000000 1.000000 275.621098 -1188209.828291 36.396512 -182.108216 2544.133342 150.204115 -7.296 0.000 2.751427 0.000000 1.940 0 0.000
5000.00 1563.15 100.142514 1.0000000000000000 1.000000 275.141753 -1188963.075712 36.383920 -182.183549 2544.197513 150.204913 -7.346 0.000 2.752384 0.000000 1.960 0 0.000
5000.00 1558.15 100.142675 1.0000000000000000 1.000000 274.660878 -1189716.409424 36.371332 -182.259040 2544.263937 150.205739 -7.396 0.000 2.753341 0.000000 1.980 0 0.000
5000.00 1553.15 100.142842 1.0000000000000000 1.000000 274.178463 -1190469.831006 36.358747 -182.334694 2544.332649 150.206594 -7.447 0.000 2.754298 0.000000 2.000 0 0.000
5000.00 1548.15 100.143014 1.0000000000000000 1.000000 273.694497 -1191223.342070 36.346167 -182.410516 2544.403681 150.207477 -7.498 0.000 2.755257 0.000000 2.020 0 0.000
5000.00 1543.15 100.143192 1.0000000000000000 1.000000 273.208971 -1191976.944262 36.333590 -182.486511 2544.477070 150.208390 -7.549 0.000 2.756215 0.000000 2.040 0 0.000
5000.00 1538.15 100.143376 1.0000000000000000 1.000000 272.721875 -1192730.639261 36.321017 -182.562685 2544.552850 150.209332 -7.600 0.000 2.757174 0.000000 2.061 0 0.000
5000.00 1533.15 100.143565 1.0000000000000000 1.000000 272.233197 -1193484.428784 36.308449 -182.639042 2544.631058 150.210305 -7.652 0.000 2.758134 0.000000 2.081 0 0.000
5000.00 1528.15 100.143751 0.9823976474044037 0.984929 271.243027 -1195002.770215 36.211366 -180.823494 2526.108622 149.546465 -7.704 0.000 2.758426 3.230039 2.114 0 0.000
5000.00 1523.15 100.144104 0.9522832361044396 0.959024 269.899324 -1197059.119635 36.054366 -177.660081 2493.835460 148.411545 -7.757 0.000 2.758063 3.234515 2.157 0 0.000
5000.00 1518.15 100.143928 0.8867862903000129 0.897141 267.748180 -1200326.320579 35.835897 -168.874005 2411.313997 146.266487 -7.810 0.000 2.762260 3.075838 2.173 0 0.000
5000.00 1513.15 100.143121 0.8058989302885160 0.818506 265.294194 -1204031.136782 35.598260 -157.381022 2305.839093 143.721214 -7.863 0.000 2.769818 3.008552 2.170 0 0.000
5000.00 1508.15 100.142097 0.7289183026566269 0.742513 262.981503 -1207506.343210 35.378112 -146.185369 2204.337436 141.337533 -7.917 0.000 2.778796 2.980075 2.157 0 0.000
5000.00 1503.15 100.141110 0.6569379852021433 0.670455 260.818039 -1210746.000146 35.177620 -135.487594 2108.363876 139.140488 -7.970 0.000 2.789335 2.963493 2.134 0 0.000
5000.00 1498.15 100.140358 0.5930310967512532 0.605772 258.854194 -1213679.570251 34.999225 -125.866488 2022.890849 137.204488 -8.025 0.000 2.801040 2.953684 2.104 0 0.000
5000.00 1493.15 100.139842 0.5365147493653776 0.548037 257.069194 -1216340.078444 34.839646 -117.269300 1947.166703 135.501443 -8.079 0.000 2.813877 2.947582 2.067 0 0.000
5000.00 1488.15 100.139558 0.4860773956005811 0.496095 255.430416 -1218777.882092 34.695421 -109.520840 1879.344195 133.988122 -8.134 0.000 2.827967 2.943624 2.022 0 0.000
5000.00 1483.15 100.139507 0.4407173564321268 0.449054 253.912855 -1221031.615361 34.563906 -102.487763 1817.997375 132.631460 -8.190 0.000 2.843442 2.941066 1.969 0 0.000
5000.00 1478.15 100.139697 0.3996583763542078 0.406218 252.498492 -1223129.276222 34.443050 -96.067433 1762.005157 130.240907 -8.245 0.000 2.860453 2.939516 1.909 0 0.000
5000.00 1473.15 100.140136 0.3622838369551384 0.367030 251.172108 -1225094.528555 34.331214 -90.179029 1710.460544 129.274185 -8.302 0.000 2.879162 2.938756 1.839 0 0.000
5000.00 1468.15 100.140843 0.3281330381882471 0.331083 249.919180 -1226949.912036 34.227129 -84.765019 1662.660838 128.389598 -8.358 0.000 2.899709 2.938675 1.761 0 0.000
5000.00 1463.15 100.141842 0.2968685372850599 0.298087 248.730957 -1228709.442495 34.129799 -79.787563 1618.060215 127.575645 -8.415 0.000 2.922150 2.939242 1.675 0 0.000
5000.00 1458.15 100.143171 0.2682537816931714 0.267862 247.601143 -1230383.600199 34.038425 -75.226488 1576.237628 126.823191 -8.472 0.000 2.946369 2.940487 1.581 0 0.000
5000.00 1453.15 100.144875 0.2421244720868077 0.240301 246.525346 -1231980.184741 33.952331 -71.075507 1536.862686 126.124751 -8.530 0.000 2.971950 2.942495 1.483 0 0.000
5000.00 1448.15 100.147003 0.2183353528036936 0.215320 245.500002 -1233505.744921 33.870886 -67.332144 1499.644019 125.473606 -8.588 0.000 2.998128 2.945368 1.384 0 0.000
5000.00 1443.15 100.149583 0.1967010369907210 0.192776 244.521140 -1234967.034189 33.793475 -63.983500 1464.290632 124.863274 -8.646 0.000 3.023923 2.949166 1.289 0 0.000
5000.00 1438.15 100.152603 0.1769925612680453 0.172447 243.584316 -1236370.689363 33.719614 -61.000115 1430.560084 124.288311 -8.705 0.000 3.048451 2.953844 1.201 0 0.000
5000.00 1433.15 100.156048 0.1582438104197600 0.153381 242.671007 -1237743.405263 33.645849 -58.284112 1397.374571 123.715626 -8.765 0.000 3.071149 2.959675 1.127 0 0.000
5000.00 1428.15 100.159835 0.1404703329846020 0.135543 241.782977 -1239081.446581 33.572927 -55.816176 1364.775807 123.140842 -8.824 0.000 3.091806 2.966346 1.069 0 0.000
5000.00 1423.15 100.162323 0.1188642379005455 0.114079 240.780382 -1240555.007807 33.503972 -53.037643 1324.985706 122.433230 -8.885 0.000 3.114967 2.973418 1.012 0 0.000
5000.00 1418.15 100.162576 0.0891414735719843 0.084995 239.537668 -1242325.085503 33.429110 -49.513225 1270.180007 121.458209 -8.945 0.000 3.142423 2.982692 0.959 0 0.000
5000.00 1413.15 100.162843 0.0593761270655734 0.056285 238.290309 -1244095.781167 33.351549 -46.145215 1215.083268 120.478745 -9.006 0.000 3.168205 2.993406 0.916 0 0.000
5000.00 1408.15 100.163508 0.0307630177557147 0.029010 237.078318 -1245817.372971 33.276791 -43.058807 1162.436363 119.537584 -9.067 0.000 3.191924 3.004576 0.882 0 0.000
5000.00 1403.15 100.164349 0.0041432836133458 0.003889 235.923407 -1247455.741196 33.209447 -40.329133 1113.997488 118.663297 -9.129 0.000 3.213216 3.015371 0.856 0 0.000

Title: MORB_Gale2013-3

Liquid Composition:
Pressure Temperature mass SiO2 TiO2 Al2O3 Fe2O3 FeO MnO MgO CaO Na2O K2O P2O5 
5000.00 1573.15 100.142208 49.0683 1.64946 16.5285 1.41739 9.08249 0.17313 7.5974 11.2687 2.91056 0.142559 0.161566
5000.00 1568.15 100.142359 49.0682 1.64946 16.5285 1.41888 9.08113 0.17313 7.59739 11.2687 2.91056 0.142559 0.161565
5000.00 1563.15 100.142514 49.0681 1.64946 16.5285 1.42043 9.07972 0.173129 7.59738 11.2686 2.91055 0.142559 0.161565
5000.00 1558.15 100.142675 49.068 1.64945 16.5284 1.42203 9.07826 0.173129 7.59737 11.2686 2.91055 0.142559 0.161565
5000.00 1553.15 100.142842 49.0679 1.64945 16.5284 1.42369 9.07675 0.173129 7.59736 11.2686 2.91054 0.142559 0.161565
5000.00 1548.15 100.143014 49.0679 1.64945 16.5284 1.4254 9.07519 0.173129 7.59734 11.2686 2.91054 0.142558 0.161564
5000.00 1543.15 100.143192 49.0678 1.64944 16.5283 1.42718 9.07358 0.173128 7.59733 11.2686 2.91053 0.142558 0.161564
5000.00 1538.15 100.143376 49.0677 1.64944 16.5283 1.429 9.07191 0.173128 7.59732 11.2685 2.91053 0.142558 0.161564
5000.00 1533.15 100.143565 49.0676 1.64944 16.5283 1.43089 9.07019 0.173128 7.5973 11.2685 2.91052 0.142558 0.161564
5000.00 1528.15 98.380985 49.0346 1.67157 16.7227 1.43443 9.12082 0.176229 7.42524 11.1472 2.95757 0.145112 0.164458
5000.00 1523.15 95.365552 48.9878 1.70935 17.0592 1.43824 9.20565 0.181802 7.12958 10.9276 3.04142 0.1497 0.169658
5000.00 1518.15 88.806262 48.88 1.81389 17.0577 1.48097 9.5816 0.19523 6.9305 10.5702 3.14781 0.159862 0.182189
5000.00 1513.15 80.705234 48.683 1.96969 16.859 1.54864 10.1304 0.214826 6.7551 10.2054 3.2595 0.174072 0.200477
5000.00 1508.15 72.995407 48.4145 2.14814 16.6144 1.62311 10.7121 0.237516 6.5641 9.91286 3.3618 0.189863 0.221652
5000.00 1503.15 65.786499 48.0721 2.34753 16.3168 1.70503 11.3284 0.263544 6.36514 9.69662 3.4518 0.207075 0.24594
5000.00 1498.15 59.386346 47.6727 2.55639 16.0064 1.78877 11.9649 0.291946 6.18452 9.51236 3.52474 0.224769 0.272446
5000.00 1493.15 53.726502 47.2188 2.77241 15.6936 1.87297 12.6213 0.322701 6.02808 9.34668 3.57968 0.242632 0.301147
5000.00 1488.15 48.675575 46.7076 2.99565 15.3764 1.95798 13.3029 0.356187 5.89497 9.1987 3.61669 0.260529 0.332396
5000.00 1483.15 44.133219 46.1363 3.22591 15.0523 2.04419 14.0155 0.392847 5.78464 9.06766 3.63573 0.278263 0.366607
5000.00 1478.15 40.021669 45.5021 3.46255 14.7185 2.13191 14.7656 0.433206 5.69685 8.95278 3.63669 0.295558 0.40427
5000.00 1473.15 36.279153 44.8024 3.70439 14.3714 2.22148 15.5602 0.477895 5.63153 8.85325 3.61946 0.312041 0.445974
5000.00 1468.15 32.859519 44.0367 3.94907 14.008 2.31302 16.4053 0.527628 5.58856 8.76786 3.58431 0.327214 0.492385
5000.00 1463.15 29.728962 43.2084 4.19235 13.6261 2.40634 17.3048 0.583189 5.56722 8.69465 3.53234 0.340463 0.544235
5000.00 1458.15 26.863784 42.3283 4.42712 13.226 2.50073 18.257 0.64539 5.56543 8.6304 3.46629 0.351116 0.602281
5000.00 1453.15 24.247525 41.4178 4.64239 12.8123 2.59481 19.2512 0.715026 5.57879 8.57034 3.39143 0.358599 0.667266
5000.00 1448.15 21.865631 40.5095 4.82322 12.3948 2.68661 20.2659 0.792916 5.6003 8.50854 3.3157 0.362638 0.739953
5000.00 1443.15 19.699527 39.6393 4.95287 11.9857 2.77425 21.2733 0.880103 5.62178 8.43964 3.24839 0.36336 0.821317
5000.00 1438.15 17.726266 38.8353 5.01688 11.5956 2.85667 22.2483 0.978075 5.63686 8.36095 3.19747 0.361142 0.912744
5000.00 1433.15 15.849075 38.1662 5.00161 11.2585 2.93118 23.2162 1.09392 5.62897 8.2041 3.18207 0.357069 0.960209
5000.00 1428.15 14.069485 37.6386 4.89987 10.9791 2.99752 24.1752 1.23228 5.59793 7.96318 3.20692 0.35112 0.958239
5000.00 1423.15 11.905718 37.1284 4.83005 10.5925 3.07103 25.2818 1.32583 5.52763 7.75676 3.19032 0.341509 0.954187
5000.00 1418.15 8.928640 36.6467 4.76696 10.0263 3.16355 26.7133 1.32182 5.3879 7.57161 3.13616 0.325906 0.939724
5000.00 1413.15 5.947282 36.2577 4.59731 9.48366 3.2572 28.2093 1.27313 5.23194 7.3281 3.14433 0.305733 0.911585
5000.00 1408.15 3.081332 35.9421 4.3461 8.98152 3.35054 29.737 1.16958 5.07173 7.02729 3.22034 0.282039 0.871685
5000.00 1403.15 0.415009 35.6936 4.02597 8.52412 3.44319 31.2637 1.01831 4.91179 6.67473 3.36598 0.255904 0.8227
Title: MORB_Gale2013-3

liquid_0 thermodynamic data and composition:
Pressure Temperature mass S H V Cp viscosity SiO2 TiO2 Al2O3 Fe2O3 FeO MnO MgO CaO Na2O K2O P2O5 Mg#
5000.00 1573.15 100.142208 276.098922 -1187456.665614 36.409108 150.203345 1.921 49.0683 1.64946 16.5285 1.41739 9.08249 0.17313 7.5974 11.2687 2.91056 0.142559 0.161566 59.9
5000.00 1568.15 100.142359 275.621098 -1188209.828291 36.396512 150.204115 1.940 49.0682 1.64946 16.5285 1.41888 9.08113 0.17313 7.59739 11.2687 2.91056 0.142559 0.161565 59.9
5000.00 1563.15 100.142514 275.141753 -1188963.075712 36.383920 150.204913 1.960 49.0681 1.64946 16.5285 1.42043 9.07972 0.173129 7.59738 11.2686 2.91055 0.142559 0.161565 59.9
5000.00 1558.15 100.142675 274.660878 -1189716.409424 36.371332 150.205739 1.980 49.068 1.64945 16.5284 1.42203 9.07826 0.173129 7.59737 11.2686 2.91055 0.142559 0.161565 59.9
5000.00 1553.15 100.142842 274.178463 -1190469.831006 36.358747 150.206594 2.000 49.0679 1.64945 16.5284 1.42369 9.07675 0.173129 7.59736 11.2686 2.91054 0.142559 0.161565 59.9
5000.00 1548.15 100.143014 273.694497 -1191223.342070 36.346167 150.207477 2.020 49.0679 1.64945 16.5284 1.4254 9.07519 0.173129 7.59734 11.2686 2.91054 0.142558 0.161564 59.9
5000.00 1543.15 100.143192 273.208971 -1191976.944262 36.333590 150.208390 2.040 49.0678 1.64944 16.5283 1.42718 9.07358 0.173128 7.59733 11.2686 2.91053 0.142558 0.161564 59.9
5000.00 1538.15 100.143376 272.721875 -1192730.639261 36.321017 150.209332 2.061 49.0677 1.64944 16.5283 1.429 9.07191 0.173128 7.59732 11.2685 2.91053 0.142558 0.161564 59.9
5000.00 1533.15 100.143565 272.233197 -1193484.428784 36.308449 150.210305 2.081 49.0676 1.64944 16.5283 1.43089 9.07019 0.173128 7.5973 11.2685 2.91052 0.142558 0.161564 59.9
5000.00 1528.15 98.380985 266.992465 -1172768.688966 35.665625 147.426260 2.114 49.0346 1.67157 16.7227 1.43443 9.12082 0.176229 7.42524 11.1472 2.95757 0.145112 0.164458 59.2
5000.00 1523.15 95.365552 258.399248 -1136847.157776 34.577003 142.672723 2.157 48.9878 1.70935 17.0592 1.43824 9.20565 0.181802 7.12958 10.9276 3.04142 0.1497 0.169658 58.0
5000.00 1518.15 88.806262 240.228689 -1055081.759730 32.149855 132.547461 2.173 48.88 1.81389 17.0577 1.48097 9.5816 0.19523 6.9305 10.5702 3.14781 0.159862 0.182189 56.3
5000.00 1513.15 80.705234 217.923455 -953472.421632 29.137383 120.111278 2.170 48.683 1.96969 16.859 1.54864 10.1304 0.214826 6.7551 10.2054 3.2595 0.174072 0.200477 54.3
5000.00 1508.15 72.995407 196.726275 -857001.700100 26.268716 108.311307 2.157 48.4145 2.14814 16.6144 1.62311 10.7121 0.237516 6.5641 9.91286 3.3618 0.189863 0.221652 52.2
5000.00 1503.15 65.786499 176.931798 -767016.011830 23.585013 97.312586 2.134 48.0721 2.34753 16.3168 1.70503 11.3284 0.263544 6.36514 9.69662 3.4518 0.207075 0.24594 50.0
5000.00 1498.15 59.386346 159.370975 -687376.314829 21.201537 87.581677 2.104 47.6727 2.55639 16.0064 1.78877 11.9649 0.291946 6.18452 9.51236 3.52474 0.224769 0.272446 48.0
5000.00 1493.15 53.726502 143.852729 -617192.981173 19.093405 79.007090 2.067 47.2188 2.77241 15.6936 1.87297 12.6213 0.322701 6.02808 9.34668 3.57968 0.242632 0.301147 46.0
5000.00 1488.15 48.675575 130.016092 -554784.967266 17.212215 71.381897 2.022 46.7076 2.99565 15.3764 1.95798 13.3029 0.356187 5.89497 9.1987 3.61669 0.260529 0.332396 44.1
5000.00 1483.15 44.133219 117.585246 -498869.836389 15.521052 64.548070 1.969 46.1363 3.22591 15.0523 2.04419 14.0155 0.392847 5.78464 9.06766 3.63573 0.278263 0.366607 42.4
5000.00 1478.15 40.021669 106.347801 -448453.320518 13.991377 57.218277 1.909 45.5021 3.46255 14.7185 2.13191 14.7656 0.433206 5.69685 8.95278 3.63669 0.295558 0.40427 40.7
5000.00 1473.15 36.279153 96.134222 -402749.338622 12.600595 51.773471 1.839 44.8024 3.70439 14.3714 2.22148 15.5602 0.477895 5.63153 8.85325 3.61946 0.312041 0.445974 39.2
5000.00 1468.15 32.859519 86.814807 -361178.554382 11.332007 46.814694 1.761 44.0367 3.94907 14.008 2.31302 16.4053 0.527628 5.58856 8.76786 3.58431 0.327214 0.492385 37.8
5000.00 1463.15 29.728962 78.296695 -323319.754342 10.173660 42.288666 1.675 43.2084 4.19235 13.6261 2.40634 17.3048 0.583189 5.56722 8.69465 3.53234 0.340463 0.544235 36.4
5000.00 1458.15 26.863784 70.515090 -288887.941201 9.117590 38.157251 1.581 42.3283 4.42712 13.226 2.50073 18.257 0.64539 5.56543 8.6304 3.46629 0.351116 0.602281 35.2
5000.00 1453.15 24.247525 63.425627 -257699.880971 8.158792 34.393230 1.483 41.4178 4.64239 12.8123 2.59481 19.2512 0.715026 5.57879 8.57034 3.39143 0.358599 0.667266 34.1
5000.00 1448.15 21.865631 56.989884 -229604.620646 7.293094 30.972753 1.384 40.5095 4.82322 12.3948 2.68661 20.2659 0.792916 5.6003 8.50854 3.3157 0.362638 0.739953 33.0
5000.00 1443.15 19.699527 51.158785 -204398.441811 6.514560 27.867124 1.289 39.6393 4.95287 11.9857 2.77425 21.2733 0.880103 5.62178 8.43964 3.24839 0.36336 0.821317 32.0
5000.00 1438.15 17.726266 45.870556 -181803.155059 5.814844 25.042457 1.201 38.8353 5.01688 11.5956 2.85667 22.2483 0.978075 5.63686 8.36095 3.19747 0.361142 0.912744 31.1
5000.00 1433.15 15.849075 40.876894 -160717.404711 5.160634 22.348809 1.127 38.1662 5.00161 11.2585 2.93118 23.2162 1.09392 5.62897 8.2041 3.18207 0.357069 0.960209 30.2
5000.00 1428.15 14.069485 36.177506 -141100.935134 4.550572 19.791248 1.069 37.6386 4.89987 10.9791 2.99752 24.1752 1.23228 5.59793 7.96318 3.20692 0.35112 0.958239 29.2
5000.00 1423.15 11.905718 30.505098 -117909.481404 3.822101 16.694752 1.012 37.1284 4.83005 10.5925 3.07103 25.2818 1.32583 5.52763 7.75676 3.19032 0.341509 0.954187 28.0
5000.00 1418.15 8.928640 22.778667 -87048.592378 2.841323 12.463465 0.959 36.6467 4.76696 10.0263 3.16355 26.7133 1.32182 5.3879 7.57161 3.13616 0.325906 0.939724 26.4
5000.00 1413.15 5.947282 15.111323 -57063.586187 1.877177 8.261780 0.916 36.2577 4.59731 9.48366 3.2572 28.2093 1.27313 5.23194 7.3281 3.14433 0.305733 0.911585 24.8
5000.00 1408.15 3.081332 7.800327 -29099.577551 0.965352 4.259593 0.882 35.9421 4.3461 8.98152 3.35054 29.737 1.16958 5.07173 7.02729 3.22034 0.282039 0.871685 23.3
5000.00 1403.15 0.415009 1.047103 -3858.949567 0.129157 0.570937 0.856 35.6936 4.02597 8.52412 3.44319 31.2637 1.01831 4.91179 6.67473 3.36598 0.255904 0.8227 21.9

clinopyroxene_1 thermodynamic data and composition:
Pressure Temperature mass S H V Cp structure formula SiO2 TiO2 Al2O3 Fe2O3 FeO MnO MgO CaO Na2O K2O P2O5
5000.00 1503.15 1.760775 4.282930 -21492.902890 0.538981 2.150193 cpx Na0.01Ca0.33Fe''0.36Mg1.17Fe'''0.03Ti0.01Al0.22Si1.87O6 51.4349 0.35052 5.06852 1.25454 11.7004 0 21.4921 8.50164 0.197322 0 0
5000.00 1498.15 4.011897 9.737542 -48810.189198 1.225719 4.889663 cpx Na0.01Ca0.33Fe''0.37Mg1.16Fe'''0.04Ti0.01Al0.22Si1.87O6 51.2865 0.382703 5.09469 1.30068 12.0879 0 21.2578 8.38586 0.203769 0 0
5000.00 1493.15 5.976249 14.474605 -72473.677988 1.822436 7.270227 cpx Na0.01Ca0.32Fe''0.38Mg1.15Fe'''0.04Ti0.01Al0.22Si1.87O6 51.1402 0.415173 5.12295 1.34624 12.4724 0 21.0407 8.25251 0.209724 0 0
5000.00 1488.15 7.701805 18.614951 -93101.512839 2.344278 9.352589 cpx Na0.02Ca0.32Fe''0.39Mg1.14Fe'''0.04Ti0.01Al0.22Si1.87O6 50.9956 0.44776 5.15364 1.39139 12.8532 0 20.8383 8.10492 0.215236 0 0
5000.00 1483.15 9.228893 22.259780 -111211.459308 2.803947 11.187554 cpx Na0.02Ca0.31Fe''0.41Mg1.13Fe'''0.04Ti0.01Al0.22Si1.86O6 50.8522 0.480266 5.18708 1.43626 13.2295 0 20.6483 7.94602 0.220352 0 0
5000.00 1478.15 10.591623 25.494366 -127239.813219 3.212162 12.817918 cpx Na0.02Ca0.31Fe''0.42Mg1.12Fe'''0.04Ti0.01Al0.23Si1.86O6 50.71 0.512453 5.22356 1.481 13.6003 0 20.4692 7.77841 0.225115 0 0
5000.00 1473.15 11.819314 28.391694 -141559.795996 3.578107 14.280302 cpx Na0.02Ca0.30Fe''0.43Mg1.11Fe'''0.04Ti0.02Al0.23Si1.86O6 50.5686 0.54404 5.26342 1.52575 13.965 0 20.2992 7.60436 0.229569 0 0
5000.00 1468.15 12.936485 31.012605 -154482.545180 3.909449 15.605227 cpx Na0.02Ca0.29Fe''0.44Mg1.10Fe'''0.04Ti0.02Al0.23Si1.86O6 50.428 0.574697 5.30708 1.57072 14.3227 0 20.1371 7.42594 0.23375 0 0
5000.00 1463.15 13.964584 33.410045 -166278.360282 4.212866 16.819250 cpx Na0.02Ca0.29Fe''0.45Mg1.10Fe'''0.04Ti0.02Al0.23Si1.85O6 50.2879 0.604035 5.35505 1.61612 14.673 0 19.9812 7.24505 0.237688 0 0
5000.00 1458.15 14.923691 35.633201 -177197.041500 4.494567 17.947024 cpx Na0.02Ca0.28Fe''0.46Mg1.09Fe'''0.05Ti0.02Al0.24Si1.85O6 50.1479 0.631596 5.40793 1.66225 15.0157 0 19.8296 7.06357 0.241406 0 0
5000.00 1453.15 15.834242 37.731604 -187487.970824 4.760807 19.013358 cpx Na0.02Ca0.27Fe''0.47Mg1.08Fe'''0.05Ti0.02Al0.24Si1.85O6 50.0075 0.656815 5.46613 1.70941 15.3517 0 19.68 6.88353 0.244918 0 0
5000.00 1448.15 16.717920 39.757197 -197410.376536 5.018160 20.044261 cpx Na0.02Ca0.27Fe''0.49Mg1.08Fe'''0.05Ti0.02Al0.24Si1.84O6 49.8666 0.678936 5.52951 1.75786 15.6824 0 19.529 6.70739 0.248242 0 0
5000.00 1443.15 17.595592 41.759432 -207210.198846 5.272914 21.064512 cpx Na0.02Ca0.26Fe''0.50Mg1.07Fe'''0.05Ti0.02Al0.24Si1.84O6 49.7258 0.696957 5.59695 1.80764 16.0094 0 19.3735 6.53834 0.251416 0 0
5000.00 1438.15 18.481177 43.770882 -217051.632656 5.529275 22.090494 cpx Na0.02Ca0.25Fe''0.51Mg1.06Fe'''0.05Ti0.02Al0.25Si1.84O6 49.5869 0.709726 5.66649 1.8585 16.3327 0 19.2109 6.3803 0.254527 0 0
5000.00 1433.15 19.424364 45.907940 -227498.038609 5.801891 23.180410 cpx Na0.02Ca0.25Fe''0.52Mg1.05Fe'''0.05Ti0.02Al0.25Si1.84O6 49.4471 0.717199 5.73826 1.91189 16.6595 0 19.0343 6.23409 0.257725 0 0
5000.00 1428.15 20.408169 48.129598 -238359.344488 6.085794 24.313902 cpx Na0.02Ca0.24Fe''0.53Mg1.05Fe'''0.06Ti0.02Al0.25Si1.83O6 49.3101 0.718283 5.81033 1.9671 16.9825 0 18.8455 6.10495 0.26122 0 0
5000.00 1423.15 20.951953 49.289242 -243729.122373 6.234982 24.904121 cpx Na0.02Ca0.24Fe''0.54Mg1.03Fe'''0.06Ti0.02Al0.26Si1.83O6 49.161 0.710828 5.84846 2.02779 17.4273 0 18.56 6.00067 0.263966 0 0
5000.00 1418.15 20.994174 49.236146 -242700.808384 6.229575 24.867607 cpx Na0.02Ca0.24Fe''0.57Mg1.01Fe'''0.06Ti0.02Al0.26Si1.83O6 48.9837 0.688818 5.83428 2.10312 18.0816 0 18.0961 5.94622 0.26626 0 0
5000.00 1413.15 21.006469 49.108817 -241273.811716 6.214720 24.791787 cpx Na0.02Ca0.24Fe''0.59Mg0.98Fe'''0.06Ti0.02Al0.26Si1.83O6 48.7963 0.663208 5.82615 2.18725 18.7473 0 17.6052 5.90521 0.269422 0 0
5000.00 1408.15 20.908135 48.725108 -238598.977959 6.167227 24.586827 cpx Na0.02Ca0.24Fe''0.61Mg0.96Fe'''0.06Ti0.02Al0.26Si1.83O6 48.5981 0.639253 5.83481 2.27948 19.4002 0 17.1199 5.85488 0.273325 0 0
5000.00 1403.15 20.558465 47.762976 -233160.408047 6.046586 24.091898 cpx Na0.02Ca0.23Fe''0.63Mg0.94Fe'''0.07Ti0.02Al0.26Si1.83O6 48.3964 0.617217 5.85996 2.37759 20.0178 0 16.6566 5.7962 0.278176 0 0

whitlockite thermodynamic data and composition:
Pressure Temperature mass S H V Cp formula
5000.00 1433.15 0.021003 0.050045 -247.314883 0.006610 0.022257 Ca3(PO4)2
5000.00 1428.15 0.058950 0.140246 -694.462823 0.018552 0.062444 Ca3(PO4)2
5000.00 1423.15 0.105312 0.250157 -1241.204305 0.033144 0.111511 Ca3(PO4)2
5000.00 1418.15 0.170210 0.403679 -2006.985291 0.053568 0.180156 Ca3(PO4)2
5000.00 1413.15 0.235090 0.556672 -2773.241493 0.073987 0.248727 Ca3(PO4)2
5000.00 1408.15 0.294867 0.697114 -3479.964503 0.092800 0.311844 Ca3(PO4)2
5000.00 1403.15 0.346101 0.816937 -4086.440153 0.108924 0.365877 Ca3(PO4)2

clinopyroxene_2 thermodynamic data and composition:
Pressure Temperature mass S H V Cp structure formula SiO2 TiO2 Al2O3 Fe2O3 FeO MnO MgO CaO Na2O K2O P2O5
5000.00 1418.15 1.491944 3.369853 -18161.437137 0.433230 1.690779 cpx Na0.04Ca0.85Fe''0.22Mg0.51Fe'''0.11Ti0.26Al0.60Si1.41O6 36.7589 9.11631 13.2165 3.73806 6.8788 0 8.86183 20.827 0.60256 0 0
5000.00 1413.15 3.910827 8.813794 -47453.238995 1.134141 4.423754 cpx Na0.05Ca0.85Fe''0.23Mg0.49Fe'''0.11Ti0.26Al0.59Si1.41O6 36.7524 9.03862 13.1059 3.87618 7.1689 0 8.64719 20.7967 0.614139 0 0
5000.00 1408.15 6.112211 13.744730 -73925.132260 1.770239 6.901108 cpx Na0.05Ca0.85Fe''0.24Mg0.48Fe'''0.12Ti0.26Al0.59Si1.41O6 36.7443 8.95656 13.0025 4.02208 7.45341 0 8.43291 20.7613 0.626921 0 0
5000.00 1403.15 7.921610 17.774861 -95512.057148 2.291371 8.928172 cpx Na0.05Ca0.85Fe''0.25Mg0.47Fe'''0.12Ti0.26Al0.59Si1.41O6 36.73 8.87656 12.9133 4.17215 7.71991 0 8.22441 20.7225 0.64115 0 0

feldspar_0 thermodynamic data and composition:
Pressure Temperature mass S H V Cp formula SiO2 TiO2 Al2O3 Fe2O3 FeO MnO MgO CaO Na2O K2O P2O5
5000.00 1518.15 2.815290 7.020827 -38165.386096 1.055340 3.483454 K0.00Na0.29Ca0.71Al1.71Si2.29O8 50.3868 0 31.7977 0 0 0 0 14.4763 3.31096 0.028221 0
5000.00 1513.15 7.023940 17.508591 -95235.078043 2.635862 8.689218 K0.00Na0.31Ca0.69Al1.69Si2.31O8 50.8 0 31.5184 0 0 0 0 14.1496 3.49961 0.0324146 0
5000.00 1508.15 11.171267 27.832267 -151493.003960 4.196570 13.816880 K0.00Na0.32Ca0.67Al1.67Si2.33O8 51.1962 0 31.2504 0 0 0 0 13.836 3.68003 0.0373332 0
5000.00 1503.15 15.176597 37.788488 -205847.080004 5.706704 18.766456 K0.00Na0.34Ca0.66Al1.66Si2.34O8 51.5688 0 30.9982 0 0 0 0 13.5409 3.84902 0.043059 0
5000.00 1498.15 18.759880 46.679400 -254498.390989 7.060514 23.191694 K0.00Na0.35Ca0.64Al1.64Si2.36O8 51.9236 0 30.7578 0 0 0 0 13.2598 4.00934 0.0494675 0
5000.00 1493.15 21.927006 54.520506 -297524.421321 8.259638 27.100121 K0.00Na0.37Ca0.63Al1.63Si2.37O8 52.2633 0 30.5274 0 0 0 0 12.9905 4.16231 0.0565714 0
5000.00 1488.15 24.745646 61.481033 -335840.933811 9.329038 30.575605 K0.00Na0.38Ca0.62Al1.62Si2.38O8 52.5885 0 30.3065 0 0 0 0 12.7324 4.30813 0.0644488 0
5000.00 1483.15 27.267218 67.689708 -370143.529323 10.287670 33.681877 K0.00Na0.39Ca0.61Al1.61Si2.39O8 52.8999 0 30.0948 0 0 0 0 12.4851 4.447 0.0731865 0
5000.00 1478.15 29.531051 73.245119 -400963.990719 11.150020 36.467691 K0.00Na0.40Ca0.59Al1.59Si2.41O8 53.1977 0 29.8921 0 0 0 0 12.2483 4.57904 0.0828793 0
5000.00 1473.15 31.567700 78.223990 -428715.175446 11.927328 38.970929 K0.01Na0.41Ca0.58Al1.58Si2.42O8 53.4822 0 29.698 0 0 0 0 12.0218 4.70434 0.0936287 0
5000.00 1468.15 33.397778 82.678248 -453675.323182 12.627113 41.217170 K0.01Na0.42Ca0.57Al1.57Si2.43O8 53.7534 0 29.5127 0 0 0 0 11.8057 4.82277 0.105519 0
5000.00 1463.15 35.032957 86.637523 -476001.539024 13.253530 43.220934 K0.01Na0.43Ca0.56Al1.56Si2.44O8 54.0104 0 29.3366 0 0 0 0 11.6004 4.93395 0.118592 0
5000.00 1458.15 36.476278 90.109998 -495734.118638 13.807468 44.986092 K0.01Na0.44Ca0.55Al1.55Si2.45O8 54.2519 0 29.1707 0 0 0 0 11.4072 5.03732 0.132796 0
5000.00 1453.15 37.723553 93.085986 -512815.417955 14.287074 46.507619 K0.01Na0.45Ca0.54Al1.54Si2.46O8 54.4763 0 29.0162 0 0 0 0 11.2273 5.1322 0.147947 0
5000.00 1448.15 38.768523 95.550938 -527159.748163 14.689732 47.778001 K0.01Na0.46Ca0.53Al1.53Si2.47O8 54.6822 0 28.8739 0 0 0 0 11.0619 5.21816 0.163713 0
5000.00 1443.15 39.611482 97.506981 -538770.094933 15.015380 48.797882 K0.01Na0.46Ca0.53Al1.53Si2.47O8 54.8696 0 28.7441 0 0 0 0 10.9111 5.29541 0.1797 0
5000.00 1438.15 40.265430 98.988056 -547821.466837 15.268870 49.583619 K0.01Na0.47Ca0.52Al1.52Si2.48O8 55.0401 0 28.6258 0 0 0 0 10.7737 5.36492 0.195565 0
5000.00 1433.15 40.744511 100.031680 -554502.480178 15.455671 50.159155 K0.01Na0.47Ca0.51Al1.51Si2.49O8 55.1985 0 28.5155 0 0 0 0 10.6457 5.42881 0.211489 0
5000.00 1428.15 41.074577 100.703593 -559162.359752 15.585610 50.544998 K0.01Na0.48Ca0.51Al1.51Si2.49O8 55.3472 0 28.4117 0 0 0 0 10.5254 5.4883 0.227297 0
5000.00 1423.15 41.679574 102.051673 -567556.456501 15.821057 51.269156 K0.01Na0.49Ca0.50Al1.50Si2.50O8 55.5195 0 28.2917 0 0 0 0 10.3863 5.55755 0.244971 0
5000.00 1418.15 42.660736 104.326815 -581053.883535 16.201683 52.456226 K0.02Na0.49Ca0.49Al1.49Si2.51O8 55.7377 0 28.1399 0 0 0 0 10.2101 5.64586 0.266435 0
5000.00 1413.15 43.484738 106.210555 -592420.375098 16.522847 53.449337 K0.02Na0.50Ca0.48Al1.48Si2.52O8 55.9537 0 27.9899 0 0 0 0 10.0359 5.73395 0.28649 0
5000.00 1408.15 44.178434 107.769155 -602024.824333 16.794537 54.281891 K0.02Na0.51Ca0.48Al1.48Si2.52O8 56.1653 0 27.8436 0 0 0 0 9.86581 5.82183 0.303478 0
5000.00 1403.15 44.786816 109.113730 -610481.141148 17.033835 55.009544 K0.02Na0.51Ca0.47Al1.47Si2.53O8 56.374 0 27.7001 0 0 0 0 9.69879 5.91074 0.316388 0

clinopyroxene_0 thermodynamic data and composition:
Pressure Temperature mass S H V Cp structure formula SiO2 TiO2 Al2O3 Fe2O3 FeO MnO MgO CaO Na2O K2O P2O5
5000.00 1528.15 1.762766 4.250563 -22234.081248 0.545741 2.120205 cpx Na0.02Ca0.71Fe''0.19Mg0.94Fe'''0.04Ti0.01Al0.24Si1.86O6 50.9009 0.414272 5.67541 1.33822 6.14905 0 17.1996 18.038 0.28457 0 0
5000.00 1523.15 4.778553 11.500076 -60211.961859 1.477363 5.738822 cpx Na0.02Ca0.71Fe''0.19Mg0.92Fe'''0.04Ti0.01Al0.26Si1.85O6 50.6546 0.453546 5.93069 1.39673 6.26444 0 16.9308 18.0713 0.29789 0 0
5000.00 1518.15 8.522376 20.498664 -107079.174753 2.630702 10.235573 cpx Na0.02Ca0.68Fe''0.20Mg0.93Fe'''0.04Ti0.01Al0.26Si1.85O6 50.5843 0.48061 5.96641 1.42414 6.69885 0 17.0549 17.4853 0.305512 0 0
5000.00 1513.15 12.413947 29.862148 -155323.637107 3.825015 14.920718 cpx Na0.02Ca0.65Fe''0.22Mg0.95Fe'''0.04Ti0.01Al0.25Si1.85O6 50.5894 0.500764 5.89745 1.43936 7.34231 0 17.3715 16.5507 0.308515 0 0
5000.00 1508.15 15.975423 38.422960 -199011.639150 4.912827 19.209346 cpx Na0.02Ca0.61Fe''0.24Mg0.96Fe'''0.04Ti0.01Al0.25Si1.85O6 50.5677 0.524329 5.84159 1.4616 7.99399 0 17.6316 15.6685 0.31068 0 0
5000.00 1503.15 17.417238 41.814823 -216390.005422 5.346923 20.911253 cpx Na0.02Ca0.61Fe''0.25Mg0.95Fe'''0.04Ti0.02Al0.25Si1.85O6 50.416 0.581479 5.87934 1.51959 8.30603 0 17.4676 15.507 0.323001 0 0
5000.00 1498.15 17.982235 43.066277 -222994.675235 5.511455 21.541455 cpx Na0.02Ca0.61Fe''0.26Mg0.94Fe'''0.04Ti0.02Al0.26Si1.84O6 50.2083 0.657895 5.96081 1.59305 8.46126 0 17.1425 15.636 0.340143 0 0
5000.00 1493.15 18.510084 44.221354 -229148.997962 5.664168 22.124005 cpx Na0.03Ca0.62Fe''0.26Mg0.92Fe'''0.05Ti0.02Al0.26Si1.84O6 49.9888 0.742709 6.05341 1.66961 8.59153 0 16.8129 15.783 0.357976 0 0
5000.00 1488.15 19.016532 45.318339 -235050.468177 5.809891 22.678031 cpx Na0.03Ca0.63Fe''0.27Mg0.90Fe'''0.05Ti0.02Al0.27Si1.83O6 49.7561 0.837004 6.15778 1.74964 8.69787 0 16.4797 15.9454 0.376531 0 0
5000.00 1483.15 19.510178 46.378121 -240806.790341 5.951237 23.213959 cpx Na0.03Ca0.64Fe''0.27Mg0.89Fe'''0.05Ti0.03Al0.27Si1.83O6 49.5084 0.941993 6.2747 1.83352 8.78117 0 16.1436 16.1208 0.395826 0 0
5000.00 1478.15 19.995353 47.411207 -246472.151765 6.089492 23.737020 cpx Na0.03Ca0.65Fe''0.27Mg0.87Fe'''0.05Ti0.03Al0.28Si1.82O6 49.244 1.05904 6.40517 1.92166 8.8421 0 15.8048 16.3074 0.415873 0 0
5000.00 1473.15 20.473969 48.422201 -252070.218490 6.225185 24.249482 cpx Na0.03Ca0.65Fe''0.27Mg0.85Fe'''0.06Ti0.03Al0.29Si1.81O6 48.9604 1.18972 6.55037 2.01451 8.88128 0 15.4631 16.504 0.436669 0 0
5000.00 1468.15 20.947060 49.413520 -257613.489292 6.358560 24.752507 cpx Na0.03Ca0.66Fe''0.28Mg0.84Fe'''0.06Ti0.04Al0.29Si1.80O6 48.6548 1.33582 6.71184 2.11261 8.89914 0 15.1182 16.7095 0.458186 0 0
5000.00 1463.15 21.415339 50.386694 -263109.788847 6.489743 25.246796 cpx Na0.03Ca0.67Fe''0.28Mg0.82Fe'''0.06Ti0.04Al0.30Si1.79O6 48.3238 1.49946 6.89144 2.21656 8.89615 0 14.7691 16.9232 0.480359 0 0
5000.00 1458.15 21.879417 51.342854 -268564.498860 6.618800 25.732824 cpx Na0.04Ca0.68Fe''0.28Mg0.80Fe'''0.07Ti0.05Al0.31Si1.78O6 47.9632 1.68312 7.09137 2.32707 8.8729 0 14.4145 17.1448 0.503071 0 0
5000.00 1453.15 22.339555 52.282130 -273976.914991 6.745658 26.210543 cpx Na0.04Ca0.69Fe''0.27Mg0.78Fe'''0.07Ti0.05Al0.32Si1.77O6 47.5681 1.88966 7.31387 2.44487 8.83048 0 14.0527 17.3741 0.526127 0 0
5000.00 1448.15 22.794929 53.201983 -279330.999575 6.869900 26.678591 cpx Na0.04Ca0.70Fe''0.27Mg0.76Fe'''0.07Ti0.06Al0.33Si1.76O6 47.1343 2.12186 7.56046 2.57046 8.77083 0 13.6821 17.6108 0.549238 0 0
5000.00 1443.15 23.242982 54.095942 -284588.298599 6.990621 27.133756 cpx Na0.04Ca0.71Fe''0.27Mg0.74Fe'''0.08Ti0.07Al0.34Si1.74O6 46.6595 2.38128 7.83073 2.70373 8.69715 0 13.3024 17.8532 0.572018 0 0
5000.00 1438.15 23.679731 54.954821 -289694.434811 7.106624 27.571741 cpx Na0.04Ca0.73Fe''0.27Mg0.72Fe'''0.08Ti0.08Al0.36Si1.73O6 46.1476 2.66614 8.12098 2.84336 8.61403 0 12.9166 18.0973 0.59402 0 0
5000.00 1433.15 24.117095 55.804448 -294778.166882 7.221043 28.004995 cpx Na0.04Ca0.74Fe''0.27Mg0.70Fe'''0.08Ti0.08Al0.37Si1.71O6 45.5855 2.98455 8.43612 2.99207 8.52325 0 12.5172 18.3461 0.615194 0 0
5000.00 1428.15 24.548654 56.632034 -299764.344383 7.332399 28.428249 cpx Na0.05Ca0.75Fe''0.26Mg0.68Fe'''0.09Ti0.09Al0.39Si1.69O6 44.9945 3.32332 8.76438 3.1454 8.432 0 12.1171 18.5882 0.635049 0 0
5000.00 1423.15 25.039131 57.573379 -305211.094849 7.457318 28.903891 cpx Na0.05Ca0.76Fe''0.26Mg0.66Fe'''0.09Ti0.10Al0.40Si1.67O6 44.3422 3.70549 9.08039 3.31355 8.40501 0 11.667 18.8346 0.65178 0 0
5000.00 1418.15 24.254424 55.598986 -294648.559715 7.204728 27.911794 cpx Na0.05Ca0.77Fe''0.27Mg0.63Fe'''0.10Ti0.11Al0.41Si1.66O6 43.9415 3.89851 9.19445 3.47538 8.61672 0 11.2635 18.9452 0.664751 0 0
5000.00 1413.15 22.658140 51.806108 -274237.924358 6.717455 26.009734 cpx Na0.05Ca0.77Fe''0.28Mg0.62Fe'''0.10Ti0.11Al0.41Si1.66O6 43.7834 3.90849 9.18096 3.62162 8.93323 0 10.952 18.942 0.678297 0 0
5000.00 1408.15 21.332353 48.649290 -257235.407772 6.311859 24.426537 cpx Na0.05Ca0.77Fe''0.29Mg0.60Fe'''0.11Ti0.11Al0.41Si1.65O6 43.6085 3.92263 9.18663 3.7798 9.23753 0 10.6349 18.9362 0.693834 0 0
5000.00 1403.15 20.445291 46.508222 -245661.360307 6.037627 23.354048 cpx Na0.05Ca0.77Fe''0.30Mg0.59Fe'''0.11Ti0.11Al0.41Si1.65O6 43.4268 3.93754 9.20984 3.94616 9.51805 0 10.3238 18.9261 0.711753 0 0

olivine_0 thermodynamic data and composition:
Pressure Temperature mass S H V Cp formula SiO2 TiO2 Al2O3 Fe2O3 FeO MnO MgO CaO Na2O K2O P2O5
5000.00 1423.15 0.480634 1.110833 -4907.648375 0.135370 0.549799 (Ca0.01Mg0.61Fe''0.36Mn0.04Co0.00Ni0.00)2SiO4 36.2566 0 0 0 30.9732 3.23053 29.1532 0.386417 0 0 0
5000.00 1418.15 1.662449 3.823522 -16704.819062 0.465003 1.888182 (Ca0.01Mg0.58Fe''0.38Mn0.04Co0.00Ni0.00)2SiO4 35.9695 0 0 0 32.4042 3.32977 27.9052 0.391389 0 0 0
5000.00 1413.15 2.920297 6.683040 -28873.603320 0.811221 3.293627 (Ca0.01Mg0.56Fe''0.40Mn0.04Co0.00Ni0.00)2SiO4 35.687 0 0 0 33.8934 3.34416 26.679 0.396444 0 0 0
5000.00 1408.15 4.256176 9.692594 -41453.488593 1.174776 4.769783 (Ca0.01Mg0.54Fe''0.42Mn0.04Co0.00Ni0.00)2SiO4 35.4313 0 0 0 35.3706 3.22678 25.5714 0.399984 0 0 0
5000.00 1403.15 5.691057 12.899579 -54695.384826 1.561947 6.342820 (Ca0.01Mg0.53Fe''0.44Mn0.04Co0.00Ni0.00)2SiO4 35.2113 0 0 0 36.793 2.97221 24.6219 0.40152 0 0 0

Title: MORB_Gale2013-3

Phase Masses:
Pressure Temperature mass liquid_0 olivine_0 clinopyroxene_0 clinopyroxene_1 clinopyroxene_2 feldspar_0 whitlockite 
5000.00 1573.15 100.142208 100.142208 0.000000 0.000000 0.000000 0.000000 0.000000 0.000000 
5000.00 1568.15 100.142359 100.142359 0.000000 0.000000 0.000000 0.000000 0.000000 0.000000 
5000.00 1563.15 100.142514 100.142514 0.000000 0.000000 0.000000 0.000000 0.000000 0.000000 
5000.00 1558.15 100.142675 100.142675 0.000000 0.000000 0.000000 0.000000 0.000000 0.000000 
5000.00 1553.15 100.142842 100.142842 0.000000 0.000000 0.000000 0.000000 0.000000 0.000000 
5000.00 1548.15 100.143014 100.143014 0.000000 0.000000 0.000000 0.000000 0.000000 0.000000 
5000.00 1543.15 100.143192 100.143192 0.000000 0.000000 0.000000 0.000000 0.000000 0.000000 
5000.00 1538.15 100.143376 100.143376 0.000000 0.000000 0.000000 0.000000 0.000000 0.000000 
5000.00 1533.15 100.143565 100.143565 0.000000 0.000000 0.000000 0.000000 0.000000 0.000000 
5000.00 1528.15 100.143751 98.380985 0.000000 1.762766 0.000000 0.000000 0.000000 0.000000 
5000.00 1523.15 100.144104 95.365552 0.000000 4.778553 0.000000 0.000000 0.000000 0.000000 
5000.00 1518.15 100.143928 88.806262 0.000000 8.522376 0.000000 0.000000 2.815290 0.000000 
5000.00 1513.15 100.143121 80.705234 0.000000 12.413947 0.000000 0.000000 7.023940 0.000000 
5000.00 1508.15 100.142097 72.995407 0.000000 15.975423 0.000000 0.000000 11.171267 0.000000 
5000.00 1503.15 100.141110 65.786499 0.000000 17.417238 1.760775 0.000000 15.176597 0.000000 
5000.00 1498.15 100.140358 59.386346 0.000000 17.982235 4.011897 0.000000 18.759880 0.000000 
5000.00 1493.15 100.139842 53.726502 0.000000 18.510084 5.976249 0.000000 21.927006 0.000000 
5000.00 1488.15 100.139558 48.675575 0.000000 19.016532 7.701805 0.000000 24.745646 0.000000 
5000.00 1483.15 100.139507 44.133219 0.000000 19.510178 9.228893 0.000000 27.267218 0.000000 
5000.00 1478.15 100.139697 40.021669 0.000000 19.995353 10.591623 0.000000 29.531051 0.000000 
5000.00 1473.15 100.140136 36.279153 0.000000 20.473969 11.819314 0.000000 31.567700 0.000000 
5000.00 1468.15 100.140843 32.859519 0.000000 20.947060 12.936485 0.000000 33.397778 0.000000 
5000.00 1463.15 100.141842 29.728962 0.000000 21.415339 13.964584 0.000000 35.032957 0.000000 
5000.00 1458.15 100.143171 26.863784 0.000000 21.879417 14.923691 0.000000 36.476278 0.000000 
5000.00 1453.15 100.144875 24.247525 0.000000 22.339555 15.834242 0.000000 37.723553 0.000000 
5000.00 1448.15 100.147003 21.865631 0.000000 22.794929 16.717920 0.000000 38.768523 0.000000 
5000.00 1443.15 100.149583 19.699527 0.000000 23.242982 17.595592 0.000000 39.611482 0.000000 
5000.00 1438.15 100.152603 17.726266 0.000000 23.679731 18.481177 0.000000 40.265430 0.000000 
5000.00 1433.15 100.156048 15.849075 0.000000 24.117095 19.424364 0.000000 40.744511 0.021003 
5000.00 1428.15 100.159835 14.069485 0.000000 24.548654 20.408169 0.000000 41.074577 0.058950 
5000.00 1423.15 100.162323 11.905718 0.480634 25.039131 20.951953 0.000000 41.679574 0.105312 
5000.00 1418.15 100.162576 8.928640 1.662449 24.254424 20.994174 1.491944 42.660736 0.170210 
5000.00 1413.15 100.162843 5.947282 2.920297 22.658140 21.006469 3.910827 43.484738 0.235090 
5000.00 1408.15 100.163508 3.081332 4.256176 21.332353 20.908135 6.112211 44.178434 0.294867 
5000.00 1403.15 100.164349 0.415009 5.691057 20.445291 20.558465 7.921610 44.786816 0.346101 

Title: MORB_Gale2013-3

Phase Volumes:
Pressure Temperature mass V liquid_0 olivine_0 clinopyroxene_0 clinopyroxene_1 clinopyroxene_2 feldspar_0 whitlockite 
5000.00 1573.15 100.142208 36.409108 36.409108 0.000000 0.000000 0.000000 0.000000 0.000000 0.000000 
5000.00 1568.15 100.142359 36.396512 36.396512 0.000000 0.000000 0.000000 0.000000 0.000000 0.000000 
5000.00 1563.15 100.142514 36.383920 36.383920 0.000000 0.000000 0.000000 0.000000 0.000000 0.000000 
5000.00 1558.15 100.142675 36.371332 36.371332 0.000000 0.000000 0.000000 0.000000 0.000000 0.000000 
5000.00 1553.15 100.142842 36.358747 36.358747 0.000000 0.000000 0.000000 0.000000 0.000000 0.000000 
5000.00 1548.15 100.143014 36.346167 36.346167 0.000000 0.000000 0.000000 0.000000 0.000000 0.000000 
5000.00 1543.15 100.143192 36.333590 36.333590 0.000000 0.000000 0.000000 0.000000 0.000000 0.000000 
5000.00 1538.15 100.143376 36.321017 36.321017 0.000000 0.000000 0.000000 0.000000 0.000000 0.000000 
5000.00 1533.15 100.143565 36.308449 36.308449 0.000000 0.000000 0.000000 0.000000 0.000000 0.000000 
5000.00 1528.15 100.143751 36.211366 35.665625 0.000000 0.545741 0.000000 0.000000 0.000000 0.000000 
5000.00 1523.15 100.144104 36.054366 34.577003 0.000000 1.477363 0.000000 0.000000 0.000000 0.000000 
5000.00 1518.15 100.143928 35.835897 32.149855 0.000000 2.630702 0.000000 0.000000 1.055340 0.000000 
5000.00 1513.15 100.143121 35.598260 29.137383 0.000000 3.825015 0.000000 0.000000 2.635862 0.000000 
5000.00 1508.15 100.142097 35.378112 26.268716 0.000000 4.912827 0.000000 0.000000 4.196570 0.000000 
5000.00 1503.15 100.141110 35.177620 23.585013 0.000000 5.346923 0.538981 0.000000 5.706704 0.000000 
5000.00 1498.15 100.140358 34.999225 21.201537 0.000000 5.511455 1.225719 0.000000 7.060514 0.000000 
5000.00 1493.15 100.139842 34.839646 19.093405 0.000000 5.664168 1.822436 0.000000 8.259638 0.000000 
5000.00 1488.15 100.139558 34.695421 17.212215 0.000000 5.809891 2.344278 0.000000 9.329038 0.000000 
5000.00 1483.15 100.139507 34.563906 15.521052 0.000000 5.951237 2.803947 0.000000 10.287670 0.000000 
5000.00 1478.15 100.139697 34.443050 13.991377 0.000000 6.089492 3.212162 0.000000 11.150020 0.000000 
5000.00 1473.15 100.140136 34.331214 12.600595 0.000000 6.225185 3.578107 0.000000 11.927328 0.000000 
5000.00 1468.15 100.140843 34.227129 11.332007 0.000000 6.358560 3.909449 0.000000 12.627113 0.000000 
5000.00 1463.15 100.141842 34.129799 10.173660 0.000000 6.489743 4.212866 0.000000 13.253530 0.000000 
5000.00 1458.15 100.143171 34.038425 9.117590 0.000000 6.618800 4.494567 0.000000 13.807468 0.000000 
5000.00 1453.15 100.144875 33.952331 8.158792 0.000000 6.745658 4.760807 0.000000 14.287074 0.000000 
5000.00 1448.15 100.147003 33.870886 7.293094 0.000000 6.869900 5.018160 0.000000 14.689732 0.000000 
5000.00 1443.15 100.149583 33.793475 6.514560 0.000000 6.990621 5.272914 0.000000 15.015380 0.000000 
5000.00 1438.15 100.152603 33.719614 5.814844 0.000000 7.106624 5.529275 0.000000 15.268870 0.000000 
5000.00 1433.15 100.156048 33.645849 5.160634 0.000000 7.221043 5.801891 0.000000 15.455671 0.006610 
5000.00 1428.15 100.159835 33.572927 4.550572 0.000000 7.332399 6.085794 0.000000 15.585610 0.018552 
5000.00 1423.15 100.162323 33.503972 3.822101 0.135370 7.457318 6.234982 0.000000 15.821057 0.033144 
5000.00 1418.15 100.162576 33.429110 2.841323 0.465003 7.204728 6.229575 0.433230 16.201683 0.053568 
5000.00 1413.15 100.162843 33.351549 1.877177 0.811221 6.717455 6.214720 1.134141 16.522847 0.073987 
5000.00 1408.15 100.163508 33.276791 0.965352 1.174776 6.311859 6.167227 1.770239 16.794537 0.092800 
5000.00 1403.15 100.164349 33.209447 0.129157 1.561947 6.037627 6.046586 2.291371 17.033835 0.108924 

Title: MORB_Gale2013-3

Solid Composition:
Pressure Temperature mass SiO2 TiO2 Al2O3 Fe2O3 FeO MnO MgO CaO Na2O K2O P2O5 
5000.00 1573.15 0.000000 ---
5000.00 1568.15 0.000000 ---
5000.00 1563.15 0.000000 ---
5000.00 1558.15 0.000000 ---
5000.00 1553.15 0.000000 ---
5000.00 1548.15 0.000000 ---
5000.00 1543.15 0.000000 ---
5000.00 1538.15 0.000000 ---
5000.00 1533.15 0.000000 ---
5000.00 1528.15 1.762766 50.9009 0.414272 5.67541 1.33822 6.14905 0 17.1996 18.038 0.28457 0 0
5000.00 1523.15 4.778553 50.6546 0.453546 5.93069 1.39673 6.26444 0 16.9308 18.0713 0.29789 0 0
5000.00 1518.15 11.337666 50.5352 0.361268 12.3806 1.07051 5.03544 0 12.82 16.7381 1.0518 0.00700765 0
5000.00 1513.15 19.437887 50.6655 0.319812 15.1557 0.919241 4.68914 0 11.0942 15.683 1.46163 0.0117131 0
5000.00 1508.15 27.146690 50.8264 0.30856 16.2977 0.86013 4.70434 0 10.3759 14.9144 1.69722 0.0153632 0
5000.00 1503.15 34.354611 50.9775 0.312766 16.9344 0.834709 4.8107 0 9.95734 14.2794 1.87422 0.0190219 0
5000.00 1498.15 40.754012 51.104 0.327963 17.2901 0.830956 4.92339 0 9.65659 13.8285 2.01572 0.0227709 0
5000.00 1493.15 46.413340 51.2116 0.349658 17.4958 0.839202 5.03235 0 9.41439 13.4941 2.13616 0.026726 0
5000.00 1488.15 51.463982 51.3035 0.376292 17.619 0.854741 5.1375 0 9.20799 13.2271 2.24284 0.0309892 0
5000.00 1483.15 56.006288 51.381 0.40729 17.6926 0.875392 5.23898 0 9.02624 13.0036 2.33927 0.0356316 0
5000.00 1478.15 60.118028 51.4444 0.442523 17.7342 0.900069 5.33701 0 8.86296 12.8109 2.42729 0.0407118 0
5000.00 1473.15 63.860983 51.4932 0.482116 17.7545 0.928241 5.43198 0 8.71446 12.6412 2.50793 0.0462824 0
5000.00 1468.15 67.281324 51.5266 0.526388 17.7599 0.959739 5.52452 0 8.57866 12.4903 2.58157 0.0523788 0
5000.00 1463.15 70.412880 51.5426 0.57584 17.754 0.99466 5.61568 0 8.45461 12.3555 2.64806 0.0590036 0
5000.00 1458.15 73.279387 51.5385 0.631167 17.739 1.03333 5.70725 0 8.34221 12.2357 2.7068 0.066102 0
5000.00 1453.15 75.897350 51.5107 0.69323 17.7152 1.07625 5.80194 0 8.24204 12.1303 2.75683 0.0735346 0
5000.00 1448.15 78.281372 51.4559 0.762864 17.6821 1.12391 5.90316 0 8.15477 12.039 2.79722 0.0810782 0
5000.00 1443.15 80.450056 51.3726 0.840415 17.6394 1.1765 6.0142 0 8.08047 11.9604 2.82757 0.0884797 0
5000.00 1438.15 82.426337 51.2627 0.925069 17.5873 1.23355 6.1367 0 8.01807 11.8926 2.84849 0.0955341 0
5000.00 1433.15 84.306973 51.1097 1.01901 17.5165 1.29642 6.27654 0 7.96621 11.8429 2.85904 0.10221 0.0114003
5000.00 1428.15 86.090350 50.9261 1.11792 17.4321 1.36322 6.43018 0 7.92262 11.8066 2.86153 0.108446 0.0313348
5000.00 1423.15 88.256605 50.6677 1.22003 17.3255 1.42147 6.69046 0.017593 7.87488 11.7399 2.87216 0.115689 0.0546051
5000.00 1418.15 91.233937 50.2729 1.344 17.1612 1.46901 7.15451 0.0606744 7.81194 11.628 2.88783 0.124584 0.0853749
5000.00 1413.15 94.215562 49.8662 1.46302 16.9696 1.51954 7.67643 0.103655 7.74506 11.515 2.89517 0.132228 0.114186
5000.00 1408.15 97.082176 49.4741 1.56351 16.7644 1.5747 8.22789 0.141465 7.6759 11.4008 2.90009 0.138101 0.138992
5000.00 1403.15 99.749340 49.113 1.63921 16.5581 1.63019 8.78884 0.169575 7.60689 11.2853 2.90802 0.142056 0.158779
Title: MORB_Gale2013-3

Bulk Composition:
Pressure Temperature mass SiO2 TiO2 Al2O3 Fe2O3 FeO MnO MgO CaO Na2O K2O P2O5 
5000.00 1573.15 100.142208 49.0683 1.64946 16.5285 1.41739 9.08249 0.17313 7.5974 11.2687 2.91056 0.142559 0.161566
5000.00 1568.15 100.142359 49.0682 1.64946 16.5285 1.41888 9.08113 0.17313 7.59739 11.2687 2.91056 0.142559 0.161565
5000.00 1563.15 100.142514 49.0681 1.64946 16.5285 1.42043 9.07972 0.173129 7.59738 11.2686 2.91055 0.142559 0.161565
5000.00 1558.15 100.142675 49.068 1.64945 16.5284 1.42203 9.07826 0.173129 7.59737 11.2686 2.91055 0.142559 0.161565
5000.00 1553.15 100.142842 49.0679 1.64945 16.5284 1.42369 9.07675 0.173129 7.59736 11.2686 2.91054 0.142559 0.161565
5000.00 1548.15 100.143014 49.0679 1.64945 16.5284 1.4254 9.07519 0.173129 7.59734 11.2686 2.91054 0.142558 0.161564
5000.00 1543.15 100.143192 49.0678 1.64944 16.5283 1.42718 9.07358 0.173128 7.59733 11.2686 2.91053 0.142558 0.161564
5000.00 1538.15 100.143376 49.0677 1.64944 16.5283 1.429 9.07191 0.173128 7.59732 11.2685 2.91053 0.142558 0.161564
5000.00 1533.15 100.143565 49.0676 1.64944 16.5283 1.43089 9.07019 0.173128 7.5973 11.2685 2.91052 0.142558 0.161564
5000.00 1528.15 100.143751 49.0675 1.64944 16.5283 1.43274 9.06851 0.173127 7.59729 11.2685 2.91052 0.142557 0.161563
5000.00 1523.15 100.144104 49.0673 1.64943 16.5282 1.43626 9.06531 0.173127 7.59726 11.2685 2.91051 0.142557 0.161563
5000.00 1518.15 100.143928 49.0674 1.64943 16.5282 1.4345 9.06691 0.173127 7.59727 11.2685 2.91051 0.142557 0.161563
5000.00 1513.15 100.143121 49.0678 1.64945 16.5284 1.42647 9.07421 0.173128 7.59734 11.2686 2.91053 0.142558 0.161564
5000.00 1508.15 100.142097 49.0683 1.64946 16.5285 1.41628 9.08349 0.17313 7.59741 11.2687 2.91056 0.14256 0.161566
5000.00 1503.15 100.141110 49.0688 1.64948 16.5287 1.40645 9.09244 0.173132 7.59749 11.2688 2.91059 0.142561 0.161567
5000.00 1498.15 100.140358 49.0692 1.64949 16.5288 1.39897 9.09925 0.173133 7.59754 11.2689 2.91062 0.142562 0.161569
5000.00 1493.15 100.139842 49.0694 1.6495 16.5289 1.39383 9.10393 0.173134 7.59758 11.2689 2.91063 0.142563 0.16157
5000.00 1488.15 100.139558 49.0696 1.6495 16.5289 1.391 9.1065 0.173134 7.59761 11.269 2.91064 0.142563 0.16157
5000.00 1483.15 100.139507 49.0696 1.64951 16.529 1.3905 9.10696 0.173135 7.59761 11.269 2.91064 0.142563 0.16157
5000.00 1478.15 100.139697 49.0695 1.6495 16.5289 1.39239 9.10524 0.173134 7.5976 11.269 2.91063 0.142563 0.16157
5000.00 1473.15 100.140136 49.0693 1.6495 16.5289 1.39676 9.10126 0.173133 7.59756 11.2689 2.91062 0.142562 0.161569
5000.00 1468.15 100.140843 49.0689 1.64948 16.5287 1.40379 9.09486 0.173132 7.59751 11.2688 2.9106 0.142561 0.161568
5000.00 1463.15 100.141842 49.0684 1.64947 16.5286 1.41374 9.0858 0.173131 7.59743 11.2687 2.91057 0.14256 0.161566
5000.00 1458.15 100.143171 49.0678 1.64945 16.5284 1.42697 9.07376 0.173128 7.59733 11.2686 2.91053 0.142558 0.161564
5000.00 1453.15 100.144875 49.0669 1.64942 16.5281 1.44393 9.05833 0.173125 7.5972 11.2684 2.91048 0.142556 0.161561
5000.00 1448.15 100.147003 49.0659 1.64938 16.5277 1.4651 9.03906 0.173122 7.59704 11.2681 2.91042 0.142553 0.161558
5000.00 1443.15 100.149583 49.0646 1.64934 16.5273 1.49078 9.01569 0.173117 7.59685 11.2678 2.91035 0.142549 0.161554
5000.00 1438.15 100.152603 49.0632 1.64929 16.5268 1.52083 8.98833 0.173112 7.59662 11.2675 2.91026 0.142545 0.161549
5000.00 1433.15 100.156048 49.0615 1.64923 16.5262 1.55511 8.95713 0.173106 7.59635 11.2671 2.91016 0.14254 0.161543
5000.00 1428.15 100.159835 49.0596 1.64917 16.5256 1.59279 8.92283 0.173099 7.59607 11.2667 2.91005 0.142534 0.161537
5000.00 1423.15 100.162323 49.0584 1.64913 16.5252 1.61755 8.9003 0.173095 7.59588 11.2664 2.90998 0.142531 0.161533
5000.00 1418.15 100.162576 49.0583 1.64913 16.5251 1.62006 8.89801 0.173095 7.59586 11.2664 2.90997 0.14253 0.161533
5000.00 1413.15 100.162843 49.0581 1.64912 16.5251 1.62272 8.89559 0.173094 7.59584 11.2664 2.90996 0.14253 0.161532
5000.00 1408.15 100.163508 49.0578 1.64911 16.525 1.62933 8.88957 0.173093 7.59579 11.2663 2.90994 0.142529 0.161531
5000.00 1403.15 100.164349 49.0574 1.6491 16.5249 1.6377 8.88196 0.173092 7.59573 11.2662 2.90992 0.142528 0.16153
