Title: MORB_Gale2013-3

Solid Composition:
Pressure Temperature mass SiO2 TiO2 Al2O3 Fe2O3 FeO MnO MgO CaO Na2O K2O P2O5 
5000.00 1573.15 0.000000 ---
5000.00 1568.15 0.000000 ---
5000.00 1563.15 0.000000 ---
5000.00 1558.15 0.000000 ---
5000.00 1553.15 0.000000 ---
5000.00 1548.15 0.000000 ---
5000.00 1543.15 0.000000 ---
5000.00 1538.15 0.000000 ---
5000.00 1533.15 0.000000 ---
5000.00 1528.15 1.762766 50.9009 0.414272 5.67541 1.33822 6.14905 0 17.1996 18.038 0.28457 0 0
5000.00 1523.15 4.778553 50.6546 0.453546 5.93069 1.39673 6.26444 0 16.9308 18.0713 0.29789 0 0
5000.00 1518.15 11.337666 50.5352 0.361268 12.3806 1.07051 5.03544 0 12.82 16.7381 1.0518 0.00700765 0
5000.00 1513.15 19.437887 50.6655 0.319812 15.1557 0.919241 4.68914 0 11.0942 15.683 1.46163 0.0117131 0
5000.00 1508.15 27.146690 50.8264 0.30856 16.2977 0.86013 4.70434 0 10.3759 14.9144 1.69722 0.0153632 0
5000.00 1503.15 34.354611 50.9775 0.312766 16.9344 0.834709 4.8107 0 9.95734 14.2794 1.87422 0.0190219 0
5000.00 1498.15 40.754012 51.104 0.327963 17.2901 0.830956 4.92339 0 9.65659 13.8285 2.01572 0.0227709 0
5000.00 1493.15 46.413340 51.2116 0.349658 17.4958 0.839202 5.03235 0 9.41439 13.4941 2.13616 0.026726 0
5000.00 1488.15 51.463982 51.3035 0.376292 17.619 0.854741 5.1375 0 9.20799 13.2271 2.24284 0.0309892 0
5000.00 1483.15 56.006288 51.381 0.40729 17.6926 0.875392 5.23898 0 9.02624 13.0036 2.33927 0.0356316 0
5000.00 1478.15 60.118028 51.4444 0.442523 17.7342 0.900069 5.33701 0 8.86296 12.8109 2.42729 0.0407118 0
5000.00 1473.15 63.860983 51.4932 0.482116 17.7545 0.928241 5.43198 0 8.71446 12.6412 2.50793 0.0462824 0
5000.00 1468.15 67.281324 51.5266 0.526388 17.7599 0.959739 5.52452 0 8.57866 12.4903 2.58157 0.0523788 0
5000.00 1463.15 70.412880 51.5426 0.57584 17.754 0.99466 5.61568 0 8.45461 12.3555 2.64806 0.0590036 0
5000.00 1458.15 73.279387 51.5385 0.631167 17.739 1.03333 5.70725 0 8.34221 12.2357 2.7068 0.066102 0
5000.00 1453.15 75.897350 51.5107 0.69323 17.7152 1.07625 5.80194 0 8.24204 12.1303 2.75683 0.0735346 0
5000.00 1448.15 78.281372 51.4559 0.762864 17.6821 1.12391 5.90316 0 8.15477 12.039 2.79722 0.0810782 0
5000.00 1443.15 80.450056 51.3726 0.840415 17.6394 1.1765 6.0142 0 8.08047 11.9604 2.82757 0.0884797 0
5000.00 1438.15 82.426337 51.2627 0.925069 17.5873 1.23355 6.1367 0 8.01807 11.8926 2.84849 0.0955341 0
5000.00 1433.15 84.306973 51.1097 1.01901 17.5165 1.29642 6.27654 0 7.96621 11.8429 2.85904 0.10221 0.0114003
5000.00 1428.15 86.090350 50.9261 1.11792 17.4321 1.36322 6.43018 0 7.92262 11.8066 2.86153 0.108446 0.0313348
5000.00 1423.15 88.256605 50.6677 1.22003 17.3255 1.42147 6.69046 0.017593 7.87488 11.7399 2.87216 0.115689 0.0546051
5000.00 1418.15 91.233937 50.2729 1.344 17.1612 1.46901 7.15451 0.0606744 7.81194 11.628 2.88783 0.124584 0.0853749
5000.00 1413.15 94.215562 49.8662 1.46302 16.9696 1.51954 7.67643 0.103655 7.74506 11.515 2.89517 0.132228 0.114186
5000.00 1408.15 97.082176 49.4741 1.56351 16.7644 1.5747 8.22789 0.141465 7.6759 11.4008 2.90009 0.138101 0.138992
5000.00 1403.15 99.749340 49.113 1.63921 16.5581 1.63019 8.78884 0.169575 7.60689 11.2853 2.90802 0.142056 0.158779