Title: MORB_Gale2013-1

Solid Composition:
Pressure Temperature mass SiO2 TiO2 Al2O3 Fe2O3 FeO MnO MgO CaO Na2O K2O P2O5 
5000.00 1573.15 0.000000 ---
5000.00 1568.15 0.000000 ---
5000.00 1563.15 0.000000 ---
5000.00 1558.15 0.000000 ---
5000.00 1553.15 0.000000 ---
5000.00 1548.15 0.000000 ---
5000.00 1543.15 0.000000 ---
5000.00 1538.15 0.262193 51.1089 0.360507 5.14213 1.35012 5.79331 0 16.6054 19.3766 0.263052 0 0
5000.00 1533.15 3.413005 50.886 0.393872 5.36982 1.40811 5.93619 0 16.3788 19.3522 0.275075 0 0
5000.00 1528.15 6.426268 50.6624 0.428931 5.59692 1.46623 6.08376 0 16.1563 19.3181 0.287352 0 0
5000.00 1523.15 9.314330 50.4384 0.46566 5.82309 1.5244 6.23582 0 15.9375 19.2752 0.299888 0 0
5000.00 1518.15 13.001781 50.2521 0.474243 7.43357 1.48817 6.08453 0 14.9034 18.8876 0.474812 0.00157344 0
5000.00 1513.15 19.962708 50.3081 0.419679 11.3608 1.26364 5.42051 0 12.5125 17.7316 0.976425 0.00678708 0
5000.00 1508.15 26.477871 50.4227 0.401637 13.1564 1.16485 5.2337 0 11.3825 16.9624 1.26546 0.0104323 0
5000.00 1503.15 32.598556 50.553 0.397323 14.1784 1.11301 5.22066 0 10.7017 16.3459 1.47621 0.0137215 0
5000.00 1498.15 38.339386 50.6844 0.400392 14.8269 1.08511 5.28818 0 10.2298 15.8207 1.64746 0.0170338 0
5000.00 1493.15 43.700332 50.8104 0.408482 15.2628 1.07191 5.39646 0 9.87045 15.3647 1.79431 0.0205375 0
5000.00 1488.15 48.685089 50.9278 0.420468 15.5645 1.06874 5.52556 0 9.57836 14.9663 1.92401 0.0243301 0
5000.00 1483.15 53.308542 51.0355 0.435654 15.7762 1.07282 5.66483 0 9.32973 14.6162 2.04062 0.028485 0
5000.00 1478.15 57.595455 51.1335 0.453522 15.9249 1.08229 5.80851 0 9.1111 14.3064 2.14675 0.0330709 0
5000.00 1473.15 61.651511 51.2157 0.477771 16.034 1.0978 5.96125 0 8.91567 14.0156 2.24392 0.0382434 0
5000.00 1468.15 65.441676 51.2848 0.506366 16.1075 1.11783 6.11503 0 8.73676 13.7547 2.33296 0.0440307 0
5000.00 1463.15 68.973885 51.3432 0.537719 16.1531 1.141 6.26686 0 8.57061 13.522 2.41492 0.0505042 0
5000.00 1458.15 72.277186 51.3908 0.571728 16.1782 1.16684 6.41696 0 8.41533 13.3121 2.49026 0.0577614 0
5000.00 1453.15 75.367034 51.4258 0.608517 16.1873 1.1953 6.56584 0 8.27032 13.1224 2.55863 0.0658523 0
5000.00 1448.15 78.237154 51.4432 0.648762 16.1827 1.22695 6.71514 0 8.13695 12.9532 2.61841 0.0746611 0
5000.00 1443.15 80.852979 51.4338 0.694098 16.1637 1.26328 6.86835 0 8.01902 12.8076 2.66642 0.083718 0
5000.00 1438.15 83.173894 51.3881 0.746726 16.1282 1.30592 7.02995 0 7.92065 12.6886 2.69968 0.0922275 0
5000.00 1433.15 85.241312 51.2937 0.809625 16.0716 1.35618 7.20522 0 7.84161 12.599 2.71751 0.0996243 0.00592761
5000.00 1428.15 87.151454 51.146 0.8851 15.992 1.4142 7.39756 0 7.7772 12.5365 2.72209 0.105892 0.0233955
5000.00 1423.15 88.885893 50.9765 0.9678 15.904 1.47578 7.59784 0 7.72315 12.4848 2.71921 0.111168 0.039796
5000.00 1418.15 90.475169 50.796 1.05425 15.8123 1.53836 7.80066 0 7.67606 12.4397 2.7119 0.11568 0.0551392
5000.00 1413.15 91.916136 50.6161 1.13959 15.7219 1.59904 7.9983 0 7.6344 12.3996 2.70245 0.119552 0.0691264
5000.00 1408.15 93.186010 50.4481 1.21846 15.6378 1.65493 8.1819 0 7.59797 12.364 2.69262 0.122818 0.0813366
5000.00 1403.15 94.265428 50.3005 1.28679 15.5637 1.70392 8.34443 0 7.567 12.3331 2.68362 0.125487 0.0914796
5000.00 1398.15 96.703264 49.9274 1.41471 15.3912 1.73601 8.81741 0.0608099 7.49955 12.2417 2.66284 0.129956 0.11845
5000.00 1393.15 100.172928 49.3967 1.6252 15.1419 1.72304 9.50503 0.16766 7.39375 12.1301 2.62007 0.136481 0.160108
5000.00 1388.15 100.172374 49.397 1.62521 15.142 1.71752 9.51006 0.167661 7.39379 12.1301 2.62008 0.136482 0.160109
5000.00 1383.15 100.171813 49.3973 1.62522 15.142 1.71195 9.51513 0.167662 7.39383 12.1302 2.6201 0.136483 0.16011
5000.00 1378.15 100.171248 49.3976 1.62523 15.1421 1.70632 9.52026 0.167663 7.39387 12.1303 2.62011 0.136483 0.160111
5000.00 1373.15 100.170675 49.3978 1.62523 15.1422 1.70063 9.52545 0.167664 7.39392 12.1303 2.62013 0.136484 0.160111
5000.00 1368.15 100.170095 49.3981 1.62524 15.1423 1.69486 9.5307 0.167665 7.39396 12.1304 2.62014 0.136485 0.160112
5000.00 1363.15 100.169508 49.3984 1.62525 15.1424 1.68902 9.53603 0.167666 7.394 12.1305 2.62016 0.136486 0.160113
5000.00 1358.15 100.168910 49.3987 1.62526 15.1425 1.68307 9.54144 0.167667 7.39405 12.1305 2.62017 0.136487 0.160114
5000.00 1353.15 100.168302 49.399 1.62527 15.1426 1.67703 9.54695 0.167668 7.39409 12.1306 2.62019 0.136487 0.160115
5000.00 1348.15 100.167683 49.3993 1.62528 15.1427 1.67086 9.55256 0.167669 7.39414 12.1307 2.6202 0.136488 0.160116
5000.00 1343.15 100.167050 49.3996 1.62529 15.1428 1.66456 9.5583 0.16767 7.39418 12.1308 2.62022 0.136489 0.160117
5000.00 1338.15 100.166401 49.3999 1.6253 15.1429 1.65811 9.56417 0.167671 7.39423 12.1308 2.62024 0.13649 0.160118
5000.00 1333.15 100.165735 49.4003 1.62531 15.143 1.65149 9.57021 0.167672 7.39428 12.1309 2.62026 0.136491 0.160119
5000.00 1328.15 100.164959 49.4007 1.62533 15.1431 1.64376 9.57725 0.167673 7.39434 12.131 2.62028 0.136492 0.160121
5000.00 1323.15 100.163832 49.4012 1.62535 15.1433 1.63256 9.58746 0.167675 7.39442 12.1312 2.62031 0.136493 0.160122
5000.00 1318.15 100.162623 49.4018 1.62537 15.1434 1.62053 9.59841 0.167677 7.39451 12.1313 2.62034 0.136495 0.160124
5000.00 1313.15 100.161331 49.4024 1.62539 15.1436 1.60768 9.61012 0.167679 7.39461 12.1315 2.62037 0.136497 0.160126
5000.00 1308.15 100.159958 49.4031 1.62541 15.1438 1.59402 9.62256 0.167682 7.39471 12.1316 2.62041 0.136499 0.160129
5000.00 1303.15 100.158504 49.4038 1.62543 15.1441 1.57955 9.63574 0.167684 7.39481 12.1318 2.62044 0.136501 0.160131
5000.00 1298.15 100.156970 49.4046 1.62546 15.1443 1.56429 9.64964 0.167687 7.39493 12.132 2.62048 0.136503 0.160133
5000.00 1293.15 100.155357 49.4054 1.62548 15.1445 1.54824 9.66426 0.167689 7.39505 12.1322 2.62053 0.136505 0.160136
5000.00 1288.15 100.153666 49.4062 1.62551 15.1448 1.53141 9.67959 0.167692 7.39517 12.1324 2.62057 0.136507 0.160139
5000.00 1283.15 100.151899 49.4071 1.62554 15.1451 1.51383 9.69561 0.167695 7.3953 12.1326 2.62062 0.13651 0.160142
5000.00 1278.15 100.150056 49.408 1.62557 15.1453 1.49549 9.71231 0.167698 7.39544 12.1328 2.62067 0.136512 0.160144
5000.00 1273.15 100.148140 49.409 1.6256 15.1456 1.47642 9.72968 0.167701 7.39558 12.1331 2.62072 0.136515 0.160148
5000.00 1268.15 100.146152 49.4099 1.62563 15.1459 1.45664 9.7477 0.167705 7.39573 12.1333 2.62077 0.136518 0.160151
5000.00 1263.15 100.144095 49.411 1.62567 15.1462 1.43616 9.76635 0.167708 7.39588 12.1335 2.62082 0.13652 0.160154
5000.00 1258.15 100.141969 49.412 1.6257 15.1466 1.41501 9.78562 0.167712 7.39604 12.1338 2.62088 0.136523 0.160157
5000.00 1253.15 100.139778 49.4131 1.62574 15.1469 1.39319 9.80549 0.167715 7.3962 12.1341 2.62093 0.136526 0.160161
5000.00 1248.15 100.137523 49.4142 1.62577 15.1472 1.37075 9.82594 0.167719 7.39636 12.1343 2.62099 0.136529 0.160164
5000.00 1243.15 100.135206 49.4153 1.62581 15.1476 1.34769 9.84694 0.167723 7.39654 12.1346 2.62105 0.136533 0.160168
5000.00 1238.15 100.132831 49.4165 1.62585 15.1479 1.32404 9.86848 0.167727 7.39671 12.1349 2.62112 0.136536 0.160172
5000.00 1233.15 100.130399 49.4177 1.62589 15.1483 1.29983 9.89054 0.167731 7.39689 12.1352 2.62118 0.136539 0.160176
5000.00 1228.15 100.127912 49.4189 1.62593 15.1487 1.27508 9.91308 0.167735 7.39707 12.1355 2.62125 0.136542 0.16018
5000.00 1223.15 100.125374 49.4202 1.62597 15.1491 1.24981 9.9361 0.16774 7.39726 12.1358 2.62131 0.136546 0.160184
5000.00 1218.15 100.122787 49.4215 1.62601 15.1495 1.22405 9.95957 0.167744 7.39745 12.1361 2.62138 0.136549 0.160188